           0 -3.6912795e+16 5.5369192e+21 
       0.001 -3.1538645e+16 5.2038764e+21 
       0.002 -2.5652671e+16 4.6174807e+21 
       0.003 -1.9254873e+16 3.7547002e+21 
       0.004 -1.2345251e+16 2.5925027e+21 
       0.005 -4.9238053e+15 1.1078562e+21 
       0.006   -262266.59     10300339 
       0.007   -229826.58    9491919.7 
       0.008   -195420.51    8419465.6 
       0.009   -159048.37    7067445.4 
        0.01   -120710.18    5420327.7 
       0.011    -80405.92    3462580.9 
       0.012   -38135.601    1178673.6 
       0.013   -29772.263    838733.98 
       0.014   -25139.161    719045.07 
       0.015   -20308.906    579421.39 
       0.016   -15281.498    419032.34 
       0.017   -10056.937    237047.31 
       0.018   -8473.3162    198266.72 
       0.019   -7114.0734    166900.35 
        0.02   -5707.1378    131486.89 
       0.021   -4252.5095    91886.796 
       0.022     -3478.74    73497.233 
       0.023   -2932.8991    62200.773 
       0.024   -2370.2631    49649.551 
       0.025   -1809.6345    36369.738 
       0.026   -1550.6227    31618.714 
       0.027   -1284.3148    26378.381 
       0.028   -1010.7108    20635.147 
       0.029   -832.29824    17204.815 
        0.03   -689.30861     14599.09 
       0.031   -542.69898    11761.957 
       0.032   -437.61511    9835.2113 
       0.033   -354.10099    8375.6888 
       0.034   -268.62182    6796.6113 
       0.035   -210.75943    5801.5338 
       0.036   -159.07462    4911.4782 
       0.037   -108.76227    4010.1508 
       0.038   -76.162387    3471.6396 
       0.039    -42.87619    2893.7284 
        0.04   -16.410832    2437.2334 
       0.041    5.1656416     2068.603 
       0.042    25.779844    1703.8082 
       0.043    39.994525    1458.1993 
       0.044    54.479962    1196.6833 
       0.045    64.595401    1013.1214 
       0.046    74.174602    833.14796 
       0.047    81.568249    689.11914 
       0.048    87.845543    561.76865 
       0.049    92.927822    452.54651 
        0.05    96.926571     360.4106 
       0.051    100.17311    279.09442 
       0.052    102.56724     211.2639 
       0.053     104.4039    151.46873 
       0.054    105.64941    100.86637 
       0.055     106.4249    57.379604 
       0.056    106.83763    19.273715 
       0.057     106.8264    11.952768 
       0.058    106.62952    40.810341 
       0.059    106.04336    62.852034 
        0.06    105.36241    83.979463 
       0.061    104.39814    99.915596 
       0.062    103.33754    114.51764 
       0.063    102.13094    126.51834 
       0.064    100.80677    136.25685 
       0.065    99.416586    145.00223 
       0.066    97.921039    151.27279 
       0.067    96.382311    156.74845 
       0.068    94.793991    161.12507 
       0.069    93.164728     164.1561 
        0.07    91.510952    166.60315 
       0.071    89.835184    168.20512 
       0.072    88.150325     169.0446 
       0.073    86.456054    169.43832 
       0.074    84.759862    169.29393 
       0.075     83.07379    168.65191 
       0.076    81.390637    167.69805 
       0.077      79.7131     166.4341 
       0.078    78.063182     164.8304 
       0.079    76.425096    163.02201 
        0.08    74.800886    161.01807 
       0.081    73.199231    158.83441 
       0.082    71.627444    156.51047 
       0.083    70.074995    154.07064 
       0.084    68.543466    151.52824 
       0.085     67.03734    148.90358 
       0.086    65.566744    146.23423 
       0.087    64.119733    143.51394 
       0.088    62.697273    140.75342 
       0.089      61.3002    137.96346 
        0.09    59.932313    135.16351 
       0.091    58.598395    132.37802 
       0.092    57.290291      129.591 
       0.093    56.008363    126.80945 
       0.094    54.752864     124.0399 
       0.095    53.523948    121.28822 
       0.096    52.321674     118.5597 
       0.097    51.151686    115.87988 
       0.098    50.007888    113.23143 
       0.099    48.889611     110.6157 
         0.1      47.7967    108.03566 
       0.101    46.728943    105.49385 
       0.102    45.686079     102.9924 
       0.103    44.667806     100.5331 
       0.104    43.673788    98.117366 
       0.105    42.703656    95.746325 
       0.106    41.757017    93.420826 
       0.107    40.833456    91.141473 
       0.108    39.932543     88.90865 
       0.109    39.054162    86.723914 
        0.11    38.197807    84.587083 
       0.111    37.362459    82.495739 
       0.112    36.547683    80.449755 
       0.113    35.753038    78.448887 
       0.114    34.978083    76.492788 
       0.115    34.222371    74.581027 
       0.116    33.485733    72.714242 
       0.117    32.767953    70.892819 
       0.118      32.0682    69.114496 
       0.119    31.386021    67.378535 
        0.12    30.720972    65.684169 
       0.121    30.072613    64.030605 
       0.122    29.440513    62.417034 
       0.123    28.824249    60.842635 
       0.124    28.223407    59.306577 
       0.125    27.637579    57.808024 
       0.126    27.066369    56.346141 
       0.127    26.509386    54.920094 
       0.128    25.966253    53.529053 
       0.129    25.438179    52.178792 
        0.13    24.923404    50.862657 
       0.131    24.421368    49.578972 
       0.132    23.931721    48.326928 
       0.133    23.454124    47.105732 
       0.134    22.988254     45.91461 
       0.135    22.534791    44.756946 
       0.136    22.093293     43.63145 
       0.137    21.662541     42.53358 
       0.138    21.242238    41.462616 
       0.139    20.832095    40.417858 
        0.14    20.432997    39.403367 
       0.141    20.044218    38.416602 
       0.142    19.664733    37.453806 
       0.143    19.294295    36.514356 
       0.144    18.933493    35.601033 
       0.145    18.582224    34.713804 
       0.146    18.239225    33.847884 
       0.147    17.904275    33.002716 
       0.148    17.578539    32.183348 
       0.149    17.260755    31.384999 
        0.15    16.950329    30.605574 
       0.151    16.647851    29.847739 
       0.152    16.353216    29.111359 
       0.153    16.065309    28.392231 
       0.154    15.784613    27.692549 
       0.155     15.51122     27.01293 
       0.156    15.243981    26.349037 
       0.157    14.983604    25.703916 
       0.158    14.729699    25.076249 
       0.159    14.481425     24.46292 
        0.16    14.239943    23.868713 
       0.161    14.003919     23.28858 
       0.162     13.77356    22.723521 
       0.163    13.549099    22.174637 
       0.164    13.329484    21.637995 
       0.165    13.115872    21.118263 
       0.166    12.906879    20.610241 
       0.167    12.703172    20.116655 
       0.168    12.504206    19.635558 
       0.169    12.309971    19.167061 
        0.17    12.120467    18.711292 
       0.171     11.93528    18.266807 
       0.172    11.754703    17.834858 
       0.173    11.578145      17.4133 
       0.174    11.405996    17.003757 
       0.175    11.237657    16.604052 
       0.176    11.073465    16.215585 
       0.177    10.912948    15.836675 
       0.178     10.75627    15.468039 
       0.179    10.603196    15.108895 
        0.18    10.453612    14.758917 
       0.181    10.307612     14.41854 
       0.182     10.16473    14.086124 
       0.183    10.025452     13.76355 
       0.184    9.8890849    13.448336 
       0.185    9.7560105    13.141972 
       0.186    9.6258932    12.843289 
       0.187    9.4986194    12.551956 
       0.188    9.3744334    12.268924 
       0.189     9.252855    11.992513 
        0.19    9.1340903    11.723532 
       0.191     9.018014    11.461597 
       0.192    8.9043792    11.205874 
       0.193    8.7934208    10.957253 
       0.194    8.6848871    10.714895 
       0.195    8.5786349    10.478339 
       0.196    8.4748419    10.248275 
       0.197    8.3733098    10.024036 
       0.198    8.2739093    9.8052018 
       0.199    8.1767053    9.5920658 
         0.2    8.0816717    9.3845722 
       0.201     7.988618    9.1820926 
       0.202    7.8975092    8.9845352 
       0.203     7.808467    8.7923696 
       0.204    7.7213016    8.6049744 
       0.205    7.6359409    8.4221317 
       0.206    7.5523474    8.2437474 
       0.207    7.4705997    8.0701172 
       0.208    7.3905669    7.9008271 
       0.209    7.3121738    7.7356522 
        0.21    7.2353861    7.5745024 
       0.211    7.1601707    7.4172876 
       0.212    7.0865934    7.2642616 
       0.213    7.0145072    7.1149528 
       0.214    6.9438773    6.9692683 
       0.215     6.874673    6.8271241 
       0.216    6.8068624    6.6884356 
       0.217    6.7404129    6.5531192 
       0.218     6.675349    6.4212817 
       0.219    6.6115817    6.2926417 
        0.22    6.5490787    6.1671052 
       0.221     6.487809    6.0445944 
       0.222    6.4277434    5.9250337 
       0.223    6.3688551    5.8083494 
       0.224     6.311118    5.6944691 
       0.225    6.2545042    5.5833211 
       0.226    6.1989869    5.4748349 
       0.227    6.1445407    5.3689421 
       0.228    6.0911565    5.2656221 
       0.229    6.0387947    5.1647634 
        0.23    5.9874264    5.0662892 
       0.231    5.9370292    4.9701385 
       0.232    5.8875823    4.8762517 
       0.233    5.8390619     4.784569 
       0.234    5.7914464    4.6950331 
       0.235     5.744714    4.6075873 
       0.236    5.6988459    4.5221776 
       0.237     5.653822    4.4387507 
       0.238    5.6096207    4.3572534 
       0.239    5.5662238    4.2776356 
        0.24    5.5236135    4.1998479 
       0.241    5.4817713    4.1238421 
       0.242    5.4406886    4.0496023 
       0.243    5.4003407    3.9770607 
       0.244    5.3607109    3.9061667 
       0.245     5.321781    3.8368756 
       0.246    5.2835342    3.7691447 
       0.247    5.2459553    3.7029329 
       0.248      5.20903    3.6382005 
       0.249    5.1727423    3.5749079 
        0.25    5.1370769    3.5130168 
       0.251     5.102021    3.4524909 
       0.252    5.0675761    3.3933392 
       0.253    5.0337195    3.3355023 
       0.254    5.0004314    3.2789251 
       0.255    4.9676995    3.2235748 
       0.256    4.9355112    3.1694191 
       0.257    4.9038538    3.1164266 
       0.258    4.8727307    3.0646118 
       0.259    4.8421261    3.0139278 
        0.26    4.8120175    2.9643173 
       0.261    4.7823939    2.9157522 
       0.262     4.753245    2.8682057 
       0.263    4.7245834     2.821715 
       0.264    4.6963794     2.776201 
       0.265    4.6686191    2.7316272 
       0.266    4.6412937    2.6879698 
       0.267    4.6144143    2.6452634 
       0.268    4.5879559    2.6034422 
       0.269    4.5619041    2.5624669 
        0.27    4.5362554     2.522329 
       0.271    4.5110183    2.4830564 
       0.272    4.4861613     2.444565 
       0.273      4.46168    2.4068371 
       0.274    4.4375849    2.3699156 
       0.275      4.41385    2.3337251 
       0.276    4.3904653    2.2982393 
       0.277    4.3674453    2.2635023 
       0.278     4.344764    2.2294432 
       0.279     4.322412    2.1960393 
        0.28     4.300406    2.1633373 
       0.281    4.2787143    2.1312534 
       0.282    4.2573409    2.0998002 
       0.283    4.2362847    2.0689755 
       0.284    4.2155238    2.0387233 
       0.285    4.1950747    2.0090889 
       0.286    4.1749115    1.9800054 
       0.287    4.1550394    1.9514854 
       0.288    4.1354511    1.9235143 
       0.289     4.116134    1.8960605 
        0.29     4.097099    1.8691484 
       0.291    4.0783193     1.842716 
       0.292    4.0598142    1.8168111 
       0.293    4.0415554    1.7913616 
       0.294    4.0235584    1.7664107 
       0.295    4.0057999    1.7418979 
       0.296    3.9882931    1.7178588 
       0.297     3.971016    1.6942383 
       0.298    3.9539822    1.6710715 
       0.299    3.9371684    1.6483014 
         0.3    3.9205918    1.6259693 
       0.301    3.9042274    1.6040171 
       0.302    3.8880886    1.5824762 
       0.303    3.8721584    1.5613071 
       0.304    3.8564411    1.5405201 
       0.305    3.8409296    1.5200998 
       0.306    3.8256177    1.5000314 
       0.307     3.810511     1.480328 
       0.308    3.7955936    1.4609539 
       0.309    3.7808748    1.4419281 
        0.31    3.7663426    1.4232265 
       0.311    3.7519934    1.4048394 
       0.312    3.7378326    1.3867809 
       0.313    3.7238473    1.3690205 
       0.314    3.7100381    1.3515612 
       0.315    3.6964064    1.3344043 
       0.316    3.6829417    1.3175278 
       0.317    3.6696456    1.3009353 
       0.318    3.6565168    1.2846248 
       0.319    3.6435476    1.2685787 
        0.32    3.6307368    1.2527951 
       0.321    3.6180878    1.2372805 
       0.322    3.6055908    1.2220146 
       0.323    3.5932439    1.2069932 
       0.324    3.5810489     1.192221 
       0.325    3.5690014    1.1776883 
       0.326     3.557097    1.1633856 
       0.327     3.545334    1.1493091 
       0.328     3.533714    1.1354627 
       0.329    3.5222316    1.1218361 
        0.33    3.5108841    1.1084223 
       0.331    3.4996693    1.0952176 
       0.332    3.4885864    1.0822196 
       0.333    3.4776352    1.0694296 
       0.334    3.4668105    1.0568364 
       0.335    3.4561112    1.0444368 
       0.336    3.4455349     1.032227 
       0.337      3.43508    1.0202034 
       0.338     3.424746    1.0083657 
       0.339    3.4145308   0.99670984 
        0.34    3.4044318   0.98522978 
       0.341    3.3944472   0.97392235 
       0.342     3.384575   0.96278419 
       0.343    3.3748137   0.95181228 
       0.344    3.3651621   0.94100383 
       0.345    3.3556185   0.93035585 
       0.346    3.3461809   0.91986546 
       0.347    3.3368494   0.90953178 
       0.348    3.3276212   0.89934963 
       0.349    3.3184945   0.88931615 
        0.35    3.3094678   0.87942857 
       0.351    3.3005402   0.86968463 
       0.352    3.2917102   0.86008166 
       0.353    3.2829758   0.85061688 
       0.354    3.2743364   0.84128819 
       0.355    3.2657903   0.83209297 
       0.356    3.2573361   0.82302881 
       0.357    3.2489729   0.81409369 
       0.358    3.2406991   0.80528512 
       0.359    3.2325134   0.79660086 
        0.36    3.2244148   0.78803887 
       0.361     3.216402     0.779597 
       0.362    3.2084737   0.77127297 
       0.363    3.2006289   0.76306499 
       0.364    3.1928664   0.75497101 
       0.365    3.1851849   0.74698901 
       0.366    3.1775833   0.73911699 
       0.367    3.1700612   0.73135372 
       0.368    3.1626173   0.72369806 
       0.369    3.1552502   0.71614703 
        0.37    3.1479591   0.70869907 
       0.371    3.1407424   0.70135204 
       0.372    3.1335995   0.69410458 
       0.373    3.1265294   0.68695494 
       0.374    3.1195307   0.67990133 
       0.375    3.1126032   0.67294256 
       0.376    3.1057462   0.66607879 
       0.377    3.0989583   0.65930685 
       0.378    3.0922385   0.65262506 
       0.379    3.0855854   0.64603168 
        0.38    3.0789988   0.63952567 
       0.381    3.0724775   0.63310592 
       0.382    3.0660216   0.62677253 
       0.383    3.0596296    0.6205224 
       0.384    3.0532998   0.61435372 
       0.385    3.0470322   0.60826557 
       0.386    3.0408266   0.60225856 
       0.387    3.0346815    0.5963303 
       0.388    3.0285961   0.59047879 
       0.389     3.022569   0.58470248 
        0.39    3.0166017   0.57900327 
       0.391    3.0106914   0.57337766 
       0.392    3.0048382    0.5678245 
       0.393    2.9990403   0.56234244 
       0.394    2.9932978   0.55693219 
       0.395    2.9876108    0.5515915 
       0.396    2.9819771    0.5463183 
       0.397    2.9763974   0.54111484 
       0.398    2.9708696    0.5359767 
       0.399    2.9653942   0.53090404 
         0.4    2.9599709   0.52589796 
       0.401     2.954597    0.5209542 
       0.402    2.9492735   0.51607334 
       0.403    2.9440006   0.51125615 
       0.404    2.9387755   0.50649862 
       0.405    2.9335987   0.50180212 
       0.406    2.9284698   0.49716514 
       0.407     2.923388   0.49258638 
       0.408     2.918353   0.48806664 
       0.409    2.9133629   0.48360237 
        0.41    2.9084191   0.47919585 
       0.411    2.9035202   0.47484438 
       0.412    2.8986652   0.47054772 
       0.413    2.8938536   0.46630475 
       0.414    2.8890854   0.46211518 
       0.415    2.8843604   0.45797885 
       0.416    2.8796771    0.4538937 
       0.417    2.8750352   0.44986005 
       0.418    2.8704343   0.44587636 
       0.419    2.8658748   0.44194353 
        0.42    2.8613551   0.43805919 
       0.421    2.8568749   0.43422368 
       0.422    2.8524334   0.43043548 
       0.423    2.8480313    0.4266952 
       0.424    2.8436675   0.42300162 
       0.425    2.8393411   0.41935358 
       0.426    2.8350518   0.41575134 
       0.427    2.8307993   0.41219325 
       0.428    2.8265842   0.40868086 
       0.429    2.8224043   0.40521122 
        0.43      2.81826   0.40178492 
       0.431    2.8141506   0.39840116 
       0.432     2.810076   0.39505908 
       0.433    2.8060364    0.3917597 
       0.434    2.8020301    0.3885006 
       0.435    2.7980569   0.38528161 
       0.436    2.7941172   0.38210329 
       0.437      2.79021   0.37896401 
       0.438    2.7863352    0.3758639 
       0.439    2.7824925   0.37280269 
        0.44    2.7786808   0.36977883 
       0.441    2.7749001   0.36679241 
       0.442    2.7711508   0.36384388 
       0.443    2.7674318    0.3609317 
       0.444    2.7637425   0.35805529 
       0.445     2.760083   0.35521509 
       0.446    2.7564526   0.35240997 
       0.447    2.7528513   0.34963966 
       0.448    2.7492786   0.34690362 
       0.449    2.7457346   0.34420236 
        0.45    2.7422182    0.3415343 
       0.451    2.7387292   0.33889918 
       0.452    2.7352672   0.33629656 
       0.453    2.7318328   0.33372713 
       0.454    2.7284251   0.33118976 
       0.455    2.7250435   0.32868371 
       0.456    2.7216878   0.32620882 
       0.457    2.7183575   0.32376458 
       0.458    2.7150527   0.32135106 
       0.459    2.7117733   0.31896798 
        0.46    2.7085187   0.31661469 
       0.461    2.7052884   0.31429063 
       0.462    2.7020823   0.31199557 
       0.463    2.6988999   0.30972917 
       0.464     2.695741   0.30749102 
       0.465    2.6926057   0.30528121 
       0.466    2.6894936   0.30309939 
       0.467    2.6864042    0.3009448 
       0.468    2.6833373   0.29881732 
       0.469    2.6802925   0.29671643 
        0.47    2.6772695   0.29464196 
       0.471    2.6742683   0.29259359 
       0.472    2.6712886   0.29057114 
       0.473    2.6683301   0.28857424 
       0.474    2.6653926   0.28660261 
       0.475    2.6624757   0.28465579 
       0.476    2.6595792   0.28273366 
       0.477    2.6567027   0.28083579 
       0.478    2.6538463   0.27896208 
       0.479    2.6510095   0.27711203 
        0.48    2.6481923   0.27528567 
       0.481    2.6453944   0.27348255 
       0.482    2.6426154   0.27170237 
       0.483    2.6398551   0.26994486 
       0.484    2.6371134   0.26820982 
       0.485    2.6343898   0.26649683 
       0.486    2.6316844   0.26480581 
       0.487    2.6289968    0.2631364 
       0.488     2.626327    0.2614885 
       0.489    2.6236745   0.25986167 
        0.49    2.6210394   0.25825585 
       0.491    2.6184212   0.25667064 
       0.492    2.6158197   0.25510584 
       0.493    2.6132349   0.25356131 
       0.494    2.6106666    0.2520368 
       0.495    2.6081143   0.25053194 
       0.496     2.605578   0.24904655 
       0.497    2.6030576   0.24758045 
       0.498    2.6005527   0.24613336 
       0.499    2.5980632   0.24470507 
         0.5    2.5955892   0.24329562 
       0.501    2.5931301   0.24190456 
       0.502    2.5906858   0.24053162 
       0.503    2.5882562   0.23917662 
       0.504     2.585841   0.23783931 
       0.505    2.5834401   0.23651961 
       0.506    2.5810535   0.23521739 
       0.507    2.5786807   0.23393226 
       0.508    2.5763216   0.23266397 
       0.509    2.5739762   0.23141242 
        0.51    2.5716443   0.23017769 
       0.511    2.5693257   0.22895929 
       0.512    2.5670201   0.22775692 
       0.513    2.5647276   0.22657066 
       0.514    2.5624478    0.2254003 
       0.515    2.5601806   0.22424545 
       0.516    2.5579258   0.22310594 
       0.517    2.5556835   0.22198196 
       0.518    2.5534532   0.22087297 
       0.519    2.5512349   0.21977874 
        0.52    2.5490285   0.21869947 
       0.521    2.5468337   0.21763466 
       0.522    2.5446505   0.21658416 
       0.523    2.5424788   0.21554808 
       0.524    2.5403182   0.21452598 
       0.525    2.5381687    0.2135177 
       0.526    2.5360303   0.21252331 
       0.527    2.5339027   0.21154235 
       0.528    2.5317857   0.21057491 
       0.529    2.5296794   0.20962078 
        0.53    2.5275834   0.20867957 
       0.531    2.5254978   0.20775155 
       0.532    2.5234223   0.20683611 
       0.533    2.5213569   0.20593355 
       0.534    2.5193012   0.20504329 
       0.535    2.5172555   0.20416553 
       0.536    2.5152193   0.20329987 
       0.537    2.5131926   0.20244633 
       0.538    2.5111754   0.20160469 
       0.539    2.5091674   0.20077484 
        0.54    2.5071685   0.19995664 
       0.541    2.5051787    0.1991499 
       0.542    2.5031978   0.19835456 
       0.543    2.5012256   0.19757045 
       0.544    2.4992622    0.1967974 
       0.545    2.4973073   0.19603537 
       0.546    2.4953608   0.19528408 
       0.547    2.4934228   0.19454363 
       0.548    2.4914928   0.19381359 
       0.549    2.4895711   0.19309418 
        0.55    2.4876573   0.19238496 
       0.551    2.4857515   0.19168599 
       0.552    2.4838534   0.19099712 
       0.553     2.481963   0.19031809 
       0.554    2.4800803   0.18964909 
       0.555     2.478205   0.18898965 
       0.556    2.4763373   0.18834007 
       0.557    2.4744766   0.18769978 
       0.558    2.4726231   0.18706872 
       0.559    2.4707767     0.186447 
        0.56    2.4689374   0.18583452 
       0.561     2.467105   0.18523105 
       0.562    2.4652793   0.18463647 
       0.563    2.4634603   0.18405068 
       0.564    2.4616479   0.18347349 
       0.565     2.459842   0.18290491 
       0.566    2.4580427     0.182345 
       0.567    2.4562498   0.18179351 
       0.568     2.454463   0.18125018 
       0.569    2.4526824   0.18071503 
        0.57    2.4509078   0.18018794 
       0.571    2.4491392   0.17966878 
       0.572    2.4473766   0.17915754 
       0.573    2.4456199   0.17865419 
       0.574    2.4438689   0.17815853 
       0.575    2.4421236   0.17767041 
       0.576    2.4403838   0.17718975 
       0.577    2.4386495   0.17671645 
       0.578    2.4369206   0.17625052 
       0.579    2.4351972   0.17579179 
        0.58     2.433479    0.1753402 
       0.581    2.4317659   0.17489563 
       0.582    2.4300581   0.17445803 
       0.583    2.4283553   0.17402727 
       0.584    2.4266574   0.17360332 
       0.585    2.4249645   0.17318602 
       0.586    2.4232763    0.1727753 
       0.587     2.421593    0.1723711 
       0.588    2.4199142   0.17197331 
       0.589    2.4182402   0.17158188 
        0.59    2.4165707   0.17119677 
       0.591    2.4149057   0.17081784 
       0.592    2.4132452   0.17044501 
       0.593     2.411589   0.17007822 
       0.594    2.4099371   0.16971739 
       0.595    2.4082894   0.16936244 
       0.596    2.4066458   0.16901328 
       0.597    2.4050064   0.16866983 
       0.598     2.403371   0.16833201 
       0.599    2.4017396   0.16799977 
         0.6     2.400112   0.16767304 
       0.601    2.3984884   0.16735171 
       0.602    2.3968685   0.16703577 
       0.603    2.3952524    0.1667251 
       0.604    2.3936399   0.16641964 
       0.605    2.3920311   0.16611932 
       0.606    2.3904258    0.1658241 
       0.607     2.388824   0.16553386 
       0.608    2.3872257   0.16524855 
       0.609    2.3856308   0.16496814 
        0.61    2.3840392   0.16469255 
       0.611     2.382451   0.16442176 
       0.612     2.380866   0.16415563 
       0.613    2.3792842   0.16389411 
       0.614    2.3777055   0.16363713 
       0.615    2.3761299   0.16338464 
       0.616    2.3745573   0.16313657 
       0.617    2.3729877   0.16289285 
       0.618     2.371421   0.16265344 
       0.619    2.3698572   0.16241836 
        0.62    2.3682963   0.16218748 
       0.621    2.3667382    0.1619607 
       0.622    2.3651828   0.16173798 
       0.623    2.3636302   0.16151929 
       0.624    2.3620801   0.16130453 
       0.625    2.3605327   0.16109373 
       0.626    2.3589879   0.16088678 
       0.627    2.3574455   0.16068363 
       0.628    2.3559057   0.16048423 
       0.629    2.3543683   0.16028851 
        0.63    2.3528333   0.16009644 
       0.631    2.3513006   0.15990797 
       0.632    2.3497703   0.15972301 
       0.633    2.3482422   0.15954155 
       0.634    2.3467164   0.15936353 
       0.635    2.3451927   0.15918888 
       0.636    2.3436712   0.15901757 
       0.637    2.3421518   0.15884958 
       0.638    2.3406345   0.15868479 
       0.639    2.3391191   0.15852318 
        0.64    2.3376059   0.15836477 
       0.641    2.3360946   0.15820948 
       0.642    2.3345852   0.15805722 
       0.643    2.3330777   0.15790796 
       0.644    2.3315721   0.15776169 
       0.645    2.3300682   0.15761832 
       0.646    2.3285662   0.15747784 
       0.647    2.3270659   0.15734018 
       0.648    2.3255673   0.15720529 
       0.649    2.3240704   0.15707319 
        0.65    2.3225752   0.15694376 
       0.651    2.3210816     0.156817 
       0.652    2.3195896   0.15669293 
       0.653    2.3180991   0.15657141 
       0.654    2.3166102   0.15645244 
       0.655    2.3151227   0.15633596 
       0.656    2.3136367   0.15622195 
       0.657    2.3121522   0.15611034 
       0.658     2.310669   0.15600117 
       0.659    2.3091872   0.15589433 
        0.66    2.3077068   0.15578981 
       0.661    2.3062277   0.15568759 
       0.662    2.3047499   0.15558759 
       0.663    2.3032733   0.15548979 
       0.664     2.301798   0.15539416 
       0.665    2.3003239   0.15530067 
       0.666    2.2988509   0.15520929 
       0.667    2.2973792   0.15511999 
       0.668    2.2959085   0.15503272 
       0.669     2.294439   0.15494744 
        0.67    2.2929705   0.15486411 
       0.671    2.2915031   0.15478271 
       0.672    2.2900367   0.15470327 
       0.673    2.2885713   0.15462567 
       0.674    2.2871069   0.15454991 
       0.675    2.2856435   0.15447594 
       0.676    2.2841809   0.15440374 
       0.677    2.2827193   0.15433333 
       0.678    2.2812586   0.15426462 
       0.679    2.2797988   0.15419759 
        0.68    2.2783398   0.15413222 
       0.681    2.2768816   0.15406847 
       0.682    2.2754242   0.15400634 
       0.683    2.2739676   0.15394578 
       0.684    2.2725118   0.15388676 
       0.685    2.2710566   0.15382923 
       0.686    2.2696023   0.15377323 
       0.687    2.2681486   0.15371868 
       0.688    2.2666956   0.15366557 
       0.689    2.2652432   0.15361385 
        0.69    2.2637915   0.15356353 
       0.691    2.2623404   0.15351457 
       0.692    2.2608899   0.15346695 
       0.693      2.25944   0.15342062 
       0.694    2.2579907   0.15337558 
       0.695    2.2565419    0.1533318 
       0.696    2.2550936   0.15328927 
       0.697    2.2536459   0.15324792 
       0.698    2.2521986   0.15320778 
       0.699    2.2507519    0.1531688 
         0.7    2.2493055   0.15313097 
       0.701    2.2478597   0.15309425 
       0.702    2.2464142   0.15305862 
       0.703    2.2449692   0.15302409 
       0.704    2.2435246   0.15299059 
       0.705    2.2420804   0.15295813 
       0.706    2.2406365   0.15292668 
       0.707     2.239193   0.15289623 
       0.708    2.2377499   0.15286673 
       0.709     2.236307   0.15283818 
        0.71    2.2348645   0.15281058 
       0.711    2.2334223   0.15278387 
       0.712    2.2319803   0.15275805 
       0.713    2.2305386   0.15273311 
       0.714    2.2290972   0.15270901 
       0.715     2.227656   0.15268574 
       0.716    2.2262151    0.1526633 
       0.717    2.2247744   0.15264164 
       0.718    2.2233338   0.15262075 
       0.719    2.2218935   0.15260063 
        0.72    2.2204534   0.15258125 
       0.721    2.2190134   0.15256258 
       0.722    2.2175736   0.15254463 
       0.723    2.2161339   0.15252736 
       0.724    2.2146943   0.15251076 
       0.725    2.2132549   0.15249483 
       0.726    2.2118156   0.15247952 
       0.727    2.2103764   0.15246484 
       0.728    2.2089373   0.15245078 
       0.729    2.2074983   0.15243729 
        0.73    2.2060593   0.15242438 
       0.731    2.2046204   0.15241204 
       0.732    2.2031816   0.15240024 
       0.733    2.2017428   0.15238897 
       0.734     2.200304   0.15237821 
       0.735    2.1988653   0.15236795 
       0.736    2.1974265   0.15235819 
       0.737    2.1959878   0.15234888 
       0.738    2.1945491   0.15234004 
       0.739    2.1931103   0.15233165 
        0.74    2.1916716   0.15232368 
       0.741    2.1902328   0.15231614 
       0.742    2.1887939   0.15230899 
       0.743    2.1873551   0.15230224 
       0.744    2.1859161   0.15229586 
       0.745    2.1844771   0.15228985 
       0.746    2.1830381    0.1522842 
       0.747    2.1815989   0.15227887 
       0.748    2.1801597   0.15227389 
       0.749    2.1787204   0.15226921 
        0.75     2.177281   0.15226484 
       0.751    2.1758415   0.15226077 
       0.752    2.1744019   0.15225697 
       0.753    2.1729621   0.15225345 
       0.754    2.1715223   0.15225018 
       0.755    2.1700823   0.15224716 
       0.756    2.1686422   0.15224437 
       0.757    2.1672019   0.15224181 
       0.758    2.1657615   0.15223947 
       0.759    2.1643209   0.15223733 
        0.76    2.1628802   0.15223538 
       0.761    2.1614393   0.15223361 
       0.762    2.1599983   0.15223203 
       0.763     2.158557    0.1522306 
       0.764    2.1571156   0.15222933 
       0.765     2.155674    0.1522282 
       0.766    2.1542322   0.15222722 
       0.767    2.1527903   0.15222635 
       0.768    2.1513481    0.1522256 
       0.769    2.1499057   0.15222495 
        0.77    2.1484631   0.15222441 
       0.771    2.1470203   0.15222395 
       0.772    2.1455773   0.15222358 
       0.773    2.1441341   0.15222328 
       0.774    2.1426906   0.15222304 
       0.775    2.1412469   0.15222285 
       0.776     2.139803   0.15222272 
       0.777    2.1383589   0.15222262 
       0.778    2.1369145   0.15222256 
       0.779    2.1354699   0.15222251 
        0.78     2.134025   0.15222248 
       0.781    2.1325799   0.15222246 
       0.782    2.1311346   0.15222244 
       0.783     2.129689   0.15222241 
       0.784    2.1282431   0.15222237 
       0.785     2.126797    0.1522223 
       0.786    2.1253506   0.15222221 
       0.787     2.123904   0.15222208 
       0.788     2.122457   0.15222191 
       0.789    2.1210099   0.15222169 
        0.79    2.1195624   0.15222141 
       0.791    2.1181147   0.15222109 
       0.792    2.1166668   0.15222068 
       0.793    2.1152185   0.15222018 
       0.794      2.11377   0.15221961 
       0.795    2.1123212   0.15221897 
       0.796    2.1108721   0.15221821 
       0.797    2.1094227   0.15221734 
       0.798     2.107973    0.1522164 
       0.799    2.1065231   0.15221534 
         0.8    2.1050729   0.15221414 
       0.801    2.1036224   0.15221283 
       0.802    2.1021716    0.1522114 
       0.803    2.1007205   0.15220981 
       0.804    2.0992691   0.15220809 
       0.805    2.0978175   0.15220624 
       0.806    2.0963656   0.15220423 
       0.807    2.0949133   0.15220205 
       0.808    2.0934608   0.15219974 
       0.809     2.092008   0.15219724 
        0.81    2.0905549   0.15219457 
       0.811    2.0891015   0.15219174 
       0.812    2.0876478   0.15218872 
       0.813    2.0861938   0.15218551 
       0.814    2.0847396   0.15218211 
       0.815     2.083285   0.15217853 
       0.816    2.0818302   0.15217474 
       0.817     2.080375   0.15217075 
       0.818    2.0789196   0.15216656 
       0.819    2.0774639   0.15216215 
        0.82    2.0760079   0.15215752 
       0.821    2.0745516   0.15215268 
       0.822     2.073095   0.15214761 
       0.823    2.0716382   0.15214231 
       0.824     2.070181   0.15213679 
       0.825    2.0687236   0.15213103 
       0.826    2.0672659   0.15212502 
       0.827    2.0658079   0.15211879 
       0.828    2.0643496   0.15211229 
       0.829     2.062891   0.15210555 
        0.83    2.0614322   0.15209856 
       0.831    2.0599731    0.1520913 
       0.832    2.0585137   0.15208379 
       0.833     2.057054   0.15207602 
       0.834    2.0555941   0.15206796 
       0.835    2.0541339   0.15205965 
       0.836    2.0526734   0.15205107 
       0.837    2.0512126    0.1520422 
       0.838    2.0497516   0.15203306 
       0.839    2.0482903   0.15202363 
        0.84    2.0468288   0.15201391 
       0.841    2.0453669   0.15200391 
       0.842    2.0439049   0.15199362 
       0.843    2.0424426   0.15198303 
       0.844      2.04098   0.15197215 
       0.845    2.0395171   0.15196096 
       0.846    2.0380541   0.15194947 
       0.847    2.0365907   0.15193768 
       0.848    2.0351272   0.15192557 
       0.849    2.0336633   0.15191317 
        0.85    2.0321993   0.15190044 
       0.851     2.030735    0.1518874 
       0.852    2.0292705   0.15187405 
       0.853    2.0278057   0.15186037 
       0.854    2.0263407   0.15184637 
       0.855    2.0248755   0.15183205 
       0.856    2.0234101    0.1518174 
       0.857    2.0219444   0.15180243 
       0.858    2.0204785   0.15178712 
       0.859    2.0190124   0.15177147 
        0.86    2.0175461    0.1517555 
       0.861    2.0160796   0.15173918 
       0.862    2.0146129   0.15172253 
       0.863     2.013146   0.15170554 
       0.864    2.0116789    0.1516882 
       0.865    2.0102116   0.15167053 
       0.866    2.0087441    0.1516525 
       0.867    2.0072764   0.15163413 
       0.868    2.0058085    0.1516154 
       0.869    2.0043405   0.15159632 
        0.87    2.0028722    0.1515769 
       0.871    2.0014038   0.15155711 
       0.872    1.9999353   0.15153698 
       0.873    1.9984665   0.15151648 
       0.874    1.9969976   0.15149562 
       0.875    1.9955286    0.1514744 
       0.876    1.9940594   0.15145282 
       0.877      1.99259   0.15143088 
       0.878    1.9911205   0.15140857 
       0.879    1.9896508    0.1513859 
        0.88     1.988181   0.15136285 
       0.881    1.9867111   0.15133944 
       0.882    1.9852411   0.15131566 
       0.883    1.9837709    0.1512915 
       0.884    1.9823006   0.15126698 
       0.885    1.9808302   0.15124208 
       0.886    1.9793597   0.15121681 
       0.887     1.977889   0.15119115 
       0.888    1.9764183   0.15116512 
       0.889    1.9749475   0.15113872 
        0.89    1.9734765   0.15111193 
       0.891    1.9720055   0.15108477 
       0.892    1.9705344   0.15105722 
       0.893    1.9690632   0.15102929 
       0.894     1.967592   0.15100098 
       0.895    1.9661207   0.15097228 
       0.896    1.9646493    0.1509432 
       0.897    1.9631778   0.15091373 
       0.898    1.9617063   0.15088387 
       0.899    1.9602347   0.15085363 
         0.9    1.9587631     0.150823 
       0.901    1.9572915   0.15079198 
       0.902    1.9558198   0.15076057 
       0.903    1.9543481   0.15072877 
       0.904    1.9528764   0.15069658 
       0.905    1.9514046     0.150664 
       0.906    1.9499328   0.15063103 
       0.907    1.9484611   0.15059766 
       0.908    1.9469893    0.1505639 
       0.909    1.9455175   0.15052975 
        0.91    1.9440457   0.15049519 
       0.911     1.942574   0.15046025 
       0.912    1.9411022   0.15042491 
       0.913    1.9396305   0.15038917 
       0.914    1.9381588   0.15035304 
       0.915    1.9366871   0.15031651 
       0.916    1.9352155   0.15027958 
       0.917    1.9337439   0.15024225 
       0.918    1.9322724   0.15020453 
       0.919    1.9308009    0.1501664 
        0.92    1.9293295   0.15012788 
       0.921    1.9278582   0.15008896 
       0.922    1.9263869   0.15004963 
       0.923    1.9249157   0.15000991 
       0.924    1.9234446   0.14996979 
       0.925    1.9219736   0.14992927 
       0.926    1.9205027   0.14988834 
       0.927    1.9190319   0.14984701 
       0.928    1.9175612   0.14980529 
       0.929    1.9160906   0.14976316 
        0.93    1.9146201   0.14972063 
       0.931    1.9131498   0.14967769 
       0.932    1.9116796   0.14963436 
       0.933    1.9102095   0.14959062 
       0.934    1.9087396   0.14954648 
       0.935    1.9072698   0.14950194 
       0.936    1.9058002   0.14945699 
       0.937    1.9043308   0.14941164 
       0.938    1.9028615   0.14936589 
       0.939    1.9013924   0.14931974 
        0.94    1.8999235   0.14927318 
       0.941    1.8984548   0.14922622 
       0.942    1.8969862   0.14917886 
       0.943    1.8955179   0.14913109 
       0.944    1.8940498   0.14908292 
       0.945    1.8925819   0.14903435 
       0.946    1.8911142   0.14898538 
       0.947    1.8896467     0.148936 
       0.948    1.8881795   0.14888622 
       0.949    1.8867125   0.14883604 
        0.95    1.8852458   0.14878545 
       0.951    1.8837793   0.14873446 
       0.952    1.8823131   0.14868307 
       0.953    1.8808472   0.14863128 
       0.954    1.8793815   0.14857908 
       0.955    1.8779161   0.14852648 
       0.956     1.876451   0.14847349 
       0.957    1.8749862   0.14842008 
       0.958    1.8735217   0.14836628 
       0.959    1.8720575   0.14831208 
        0.96    1.8705936   0.14825747 
       0.961      1.86913   0.14820246 
       0.962    1.8676668   0.14814706 
       0.963    1.8662039   0.14809125 
       0.964    1.8647413   0.14803504 
       0.965    1.8632791   0.14797843 
       0.966    1.8618172   0.14792143 
       0.967    1.8603557   0.14786402 
       0.968    1.8588946   0.14780621 
       0.969    1.8574339   0.14774801 
        0.97    1.8559735    0.1476894 
       0.971    1.8545135    0.1476304 
       0.972     1.853054     0.147571 
       0.973    1.8515948    0.1475112 
       0.974     1.850136   0.14745101 
       0.975    1.8486777   0.14739041 
       0.976    1.8472198   0.14732942 
       0.977    1.8457623   0.14726804 
       0.978    1.8443052   0.14720626 
       0.979    1.8428486   0.14714408 
        0.98    1.8413925   0.14708151 
       0.981    1.8399368   0.14701854 
       0.982    1.8384816   0.14695518 
       0.983    1.8370269   0.14689143 
       0.984    1.8355726   0.14682728 
       0.985    1.8341189   0.14676274 
       0.986    1.8326656   0.14669781 
       0.987    1.8312129   0.14663248 
       0.988    1.8297606   0.14656676 
       0.989    1.8283089   0.14650065 
        0.99    1.8268487   0.14640759 
       0.991    1.8253983    0.1463413 
       0.992    1.8239484   0.14627461 
       0.993    1.8224991   0.14620751 
       0.994    1.8210503   0.14614002 
       0.995    1.8196021   0.14607212 
       0.996    1.8181545   0.14600383 
       0.997    1.8167074   0.14593514 
       0.998    1.8152609   0.14586604 
       0.999     1.813815   0.14579656 
           1    1.8123696   0.14572667 