           0    268761.91 6.8027997e+09 
       0.001    229972.31 6.3936174e+09 
       0.002    187488.46 5.6731602e+09 
       0.003    141310.36 4.6131304e+09 
       0.004    91438.019 3.1852301e+09 
       0.005    37871.426 1.3611618e+09 
       0.006     2279.469    25611.828 
       0.007     2131.132    24535.687 
       0.008    1973.8049     22972.84 
       0.009    1807.4877    20894.658 
        0.01    1632.1804     18272.51 
       0.011    1447.8829    15077.768 
       0.012    1254.5954    11281.802 
       0.013    1165.8116    10324.056 
       0.014    1086.0595    9584.0393 
       0.015    1002.9138    8692.2493 
       0.016    916.37426    7642.3624 
       0.017    826.44105    6428.0547 
       0.018     774.3995     5980.236 
       0.019    723.49855     5528.905 
        0.02     670.8116    5007.5834 
       0.021    616.33865    4413.8576 
       0.022    576.35137    4056.8203 
       0.023     540.7339    3763.5508 
       0.024     504.0205    3431.5079 
       0.025    467.25903    3059.3212 
       0.026    447.14654    2642.5959 
       0.027    426.46749    2183.2677 
       0.028     405.2219    1680.1531 
       0.029    390.05635      1448.12 
        0.03     377.0947    1321.2565 
       0.031     363.8049    1181.9376 
       0.032    352.62566    1088.9966 
       0.033    342.47897    1019.5804 
       0.034    332.09354    943.43396 
       0.035    323.25074    892.53823 
       0.036    314.65953    845.07024 
       0.037    306.06064    795.82184 
       0.038    298.63406    762.54306 
       0.039    291.05113    726.09305 
        0.04    283.97797    694.98016 
       0.041    277.24315    667.40205 
       0.042    270.52765    639.10662 
       0.043    264.42892     617.1127 
       0.044    258.21403    593.15967 
       0.045    252.51547    573.90934 
       0.046    246.81073    554.05562 
       0.047    241.40168    536.45977 
       0.048    236.10763    519.50053 
       0.049    230.99454    503.65846 
        0.05    226.03908    488.81988 
       0.051     221.2129    474.63256 
       0.052      216.542    461.39427 
       0.053    211.98716    448.70047 
       0.054    207.55923    436.69945 
       0.055    203.25795    425.32874 
       0.056    199.04029    414.30391 
       0.057    194.97458    404.09667 
       0.058    190.94097    393.85547 
       0.059    187.09359    384.66939 
        0.06     183.2513    375.26403 
       0.061    179.57759     366.7777 
       0.062    175.94074    358.29767 
       0.063    172.39419    350.20313 
       0.064     168.9467    342.53165 
       0.065    165.52597     334.8341 
       0.066    162.24275    327.80561 
       0.067    158.99542    320.80713 
       0.068    155.80577     313.9868 
       0.069    152.71898    307.60583 
        0.07    149.66454    301.24999 
       0.071    146.67772    295.13179 
       0.072    143.76957    289.30688 
       0.073    140.89678    283.53464 
       0.074    138.08301    277.95174 
       0.075    135.34336    272.63536 
       0.076    132.63975    267.38184 
       0.077    129.97579    262.21592 
       0.078     127.3935    257.35497 
       0.079     124.8467    252.55844 
        0.08    122.33729    247.84025 
       0.081    119.87806    243.26658 
       0.082    117.47635    238.87158 
       0.083    115.11021     234.5481 
       0.084    112.78052    230.30294 
       0.085    110.49238    226.16196 
       0.086    108.25856    222.18422 
       0.087    106.05894    218.27568 
       0.088    103.89387    214.43966 
       0.089    101.76352    210.67817 
        0.09    99.672132    207.01105 
       0.091    97.625045     203.4616 
       0.092    95.610279    199.97708 
       0.093    93.627777     196.5583 
       0.094    91.677386    193.20544 
       0.095    89.758873    189.91823 
       0.096    87.871943    186.69605 
       0.097    86.023533    183.56792 
       0.098      84.2055    180.50011 
       0.099    82.416828    177.48907 
         0.1    80.657197    174.53407 
       0.101    78.926256    171.63424 
       0.102    77.223629    168.78854 
       0.103    75.548923    165.99586 
       0.104    73.901728    163.25501 
       0.105    72.281624    160.56474 
       0.106    70.688185    157.92379 
       0.107    69.120982    155.33087 
       0.108    67.579581    152.78469 
       0.109    66.063977    150.28552 
        0.11    64.573677    147.83183 
       0.111    63.107535    145.41971 
       0.112    61.665162    143.04809 
       0.113    60.246174     140.7159 
       0.114    58.850188    138.42208 
       0.115    57.476825     136.1656 
       0.116    56.126081    133.94671 
       0.117      54.7979    131.76548 
       0.118    53.491401    129.61909 
       0.119    52.206204    127.50652 
        0.12    50.941943    125.42677 
       0.121    49.698256    123.37888 
       0.122    48.474789    121.36192 
       0.123    47.271198    119.37498 
       0.124    46.087145     117.4172 
       0.125    44.926015    114.67505 
       0.126    43.794946    111.38732 
       0.127    42.695834    108.19176 
       0.128    41.627718    105.08573 
       0.129    40.593088    102.08208 
        0.13    39.587989    99.164524 
       0.131    38.611093    96.328581 
       0.132    37.661538    93.571844 
       0.133    36.738494    90.891975 
       0.134     35.84116    88.286707 
       0.135    34.970883     85.76332 
       0.136    34.126616    83.318354 
       0.137    33.305671    80.940999 
       0.138    32.507339    78.629243 
       0.139    31.730934    76.381139 
        0.14    30.978214    74.205457 
       0.141    30.247568    72.096085 
       0.142    29.536789    70.044261 
       0.143    28.845285    68.048288 
       0.144    28.174201    66.114056 
       0.145    27.523248    64.241163 
       0.146    26.889753    62.418716 
       0.147    26.273198    60.645242 
       0.148    25.675903    58.931579 
       0.149    25.095221     57.26695 
        0.15    24.529886    55.646549 
       0.151    23.981036    54.075966 
       0.152    23.448398    52.554663 
       0.153    22.929667    51.073308 
       0.154    22.425763    49.636453 
       0.155    21.936813    48.245211 
       0.156     21.46047    46.890064 
       0.157    20.998097    45.577366 
       0.158    20.548871    44.304107 
       0.159    20.111079    43.063483 
        0.16    19.686967    41.865489 
       0.161    19.273863    40.699257 
       0.162    18.872134    39.566752 
       0.163    18.482193    38.470142 
       0.164     18.10195    37.401023 
       0.165    17.733609    36.369027 
       0.166    17.374456    35.363151 
       0.167    17.025737    34.388946 
       0.168    16.686369    33.442241 
       0.169      16.3563    32.523141 
        0.17     16.03549    31.631792 
       0.171    15.723121    30.765103 
       0.172    15.419718     29.92554 
       0.173    15.124124    29.108593 
       0.174    14.837053    28.317481 
       0.175    14.557339     27.54766 
       0.176    14.285593    26.801886 
       0.177    14.020899    26.076649 
       0.178    13.763536     25.37331 
       0.179     13.51304    24.690202 
        0.18    13.269176    24.026588 
       0.181    13.032091     23.38325 
       0.182    12.800905    22.756837 
       0.183    12.576481    22.151013 
       0.184    12.357531    21.560766 
       0.185    12.144728    20.988983 
       0.186    11.937438    20.433274 
       0.187    11.735437    19.892923 
       0.188    11.539143    19.369728 
       0.189    11.347671    18.860331 
        0.19    11.161372    18.366251 
       0.191    10.980002    17.886675 
       0.192    10.803105    17.419927 
       0.193    10.631074     16.96767 
       0.194     10.46345    16.528223 
       0.195    10.299962     16.10065 
       0.196    10.140907    15.686221 
       0.197    9.9859189    15.283603 
       0.198    9.8347537    14.891942 
       0.199    9.6875135    14.511756 
         0.2    9.5441355    14.142885 
       0.201    9.4042762    13.784093 
       0.202    9.2678592    13.435164 
       0.203    9.1350797    13.096938 
       0.204    9.0056003    12.768204 
       0.205    8.8792844    12.448514 
       0.206    8.7560561    12.137656 
       0.207    8.6360332    11.836137 
       0.208    8.5189833     11.54315 
       0.209    8.4047693    11.258245 
        0.21    8.2933216    10.981219 
       0.211    8.1845727    10.711874 
       0.212    8.0786209     10.45064 
       0.213    7.9752119    10.196619 
       0.214    7.8742779    9.9496119 
       0.215    7.7757571    9.7094348 
       0.216    7.6795873    9.4759051 
       0.217    7.5857064    9.2488428 
       0.218     7.494145    9.0284121 
       0.219    7.4047483    8.8140772 
        0.22    7.3174537    8.6056423 
       0.221    7.2322037    8.4029438 
       0.222    7.1489435     8.205822 
       0.223    7.0676214    8.0141213 
       0.224    6.9881868    7.8276893 
       0.225    6.9105883    7.6463763 
       0.226    6.8347759    7.4700359 
       0.227    6.7607019    7.2985257 
       0.228    6.6883436     7.131787 
       0.229    6.6176322    6.9696046 
        0.23    6.5485163    6.8118251 
       0.231    6.4809539    6.6583226 
       0.232    6.4149051    6.5089745 
       0.233    6.3503278    6.3636596 
       0.234    6.2871824    6.2222611 
       0.235    6.2254299    6.0846647 
       0.236    6.1650344    5.9507603 
       0.237    6.1059596    5.8204405 
       0.238    6.0481682    5.6935994 
       0.239    5.9916268    5.5701359 
        0.24    5.9363026    5.4499512 
       0.241    5.8821628    5.3329493 
       0.242    5.8291901    5.2190891 
       0.243    5.7773428    5.1082432 
       0.244      5.72659    5.0003122 
       0.245    5.6769007    4.8952093 
       0.246    5.6282461     4.792851 
       0.247    5.5805992    4.6931566 
       0.248    5.5339343    4.5960483 
       0.249    5.4882242    4.5014495 
        0.25    5.4434432    4.4092861 
       0.251    5.3995681    4.3194874 
       0.252    5.3565969    4.2320563 
       0.253    5.3144939    4.1468861 
       0.254    5.2732266    4.0638774 
       0.255    5.2327738     3.982967 
       0.256    5.1931142    3.9040937 
       0.257    5.1542269    3.8271979 
       0.258    5.1161131    3.7522928 
       0.259    5.0787467    3.6792941 
        0.26    5.0420938    3.6081028 
       0.261     5.006136    3.5386663 
       0.262    4.9708559     3.470934 
       0.263    4.9362677    3.4049551 
       0.264    4.9023279    3.3405985 
       0.265    4.8690146    3.2777998 
       0.266     4.836313    3.2165146 
       0.267    4.8042357    3.1567884 
       0.268    4.7727464    3.0985129 
       0.269    4.7418227    3.0416211 
        0.27    4.7114577     2.986093 
       0.271    4.6816605    2.9319641 
       0.272    4.6523867    2.8791006 
       0.273    4.6236271    2.8274688 
       0.274    4.5953955    2.7771283 
       0.275    4.5676543    2.7279589 
       0.276    4.5403878    2.6799159 
       0.277     4.513614    2.6330591 
       0.278    4.4872963    2.5872776 
       0.279    4.4614206    2.5425326 
        0.28    4.4360071    2.4988875 
       0.281    4.4110125     2.456214 
       0.282    4.3864406    2.4145257 
       0.283    4.3622879    2.3738144 
       0.284    4.3385249     2.333994 
       0.285    4.3151711    2.2951255 
       0.286     4.292192    2.2571077 
       0.287    4.2695922    2.2199544 
       0.288    4.2473617    2.1836404 
       0.289    4.2254829    2.1481167 
        0.29    4.2039676    2.1134134 
       0.291    4.1827816    2.0794393 
       0.292    4.1619474    2.0462576 
       0.293    4.1414283    2.0137632 
       0.294    4.1212427    1.9820133 
       0.295    4.1013601    1.9509195 
       0.296    4.0817961     1.920528 
       0.297    4.0625221    1.8907591 
       0.298    4.0435541    1.8616579 
       0.299     4.024862    1.8331428 
         0.3    4.0064661    1.8052673 
       0.301    3.9883348    1.7779491 
       0.302    3.9704835    1.7512277 
       0.303    3.9528907    1.7250469 
       0.304    3.9355605    1.6994177 
       0.305    3.9184836    1.6743169 
       0.306    3.9016518    1.6497218 
       0.307    3.8850708    1.6256472 
       0.308    3.8687209    1.6020433 
       0.309    3.8526121    1.5789324 
        0.31    3.8367298    1.5562808 
       0.311    3.8210687    1.5340731 
       0.312    3.8056347    1.5123258 
       0.313    3.7904118    1.4909965 
       0.314    3.7753999    1.4700871 
       0.315    3.7606001    1.4495971 
       0.316    3.7459995    1.4294963 
       0.317    3.7315993     1.409787 
       0.318    3.7173974     1.390465 
       0.319    3.7033843    1.3715057 
        0.32     3.689558    1.3529051 
       0.321     3.675922    1.3346694 
       0.322    3.6624644    1.3167712 
       0.323    3.6491825    1.2992036 
       0.324    3.6360778     1.281971 
       0.325     3.623145    1.2650595 
       0.326    3.6103783    1.2484557 
       0.327    3.5977756    1.2321533 
       0.328    3.5853381     1.216156 
       0.329    3.5730594    1.2004493 
        0.33    3.5609359    1.1850233 
       0.331    3.5489647     1.169872 
       0.332    3.5371446    1.1549914 
       0.333     3.525475    1.1403816 
       0.334    3.5139497    1.1260279 
       0.335    3.5025671     1.111925 
       0.336    3.4913241    1.0980672 
       0.337    3.4802187    1.0844493 
       0.338    3.4692499    1.0710696 
       0.339    3.4584154    1.0579222 
        0.34    3.4477116    1.0449988 
       0.341    3.4371363    1.0322946 
       0.342    3.4266871    1.0198047 
       0.343    3.4163621    1.0075246 
       0.344    3.4061597   0.99545002 
       0.345    3.3960778   0.98357653 
       0.346    3.3861139   0.97189999 
       0.347    3.3762679   0.96041844 
       0.348    3.3665364   0.94912496 
       0.349    3.3569174   0.93801549 
        0.35     3.347409   0.92708602 
       0.351    3.3380099   0.91633315 
       0.352    3.3287183   0.90575309 
       0.353     3.319532   0.89534194 
       0.354      3.31045   0.88509658 
       0.355    3.3014703   0.87501337 
       0.356    3.2925911    0.8650889 
       0.357    3.2838115    0.8553202 
       0.358    3.2751295   0.84570386 
       0.359    3.2665436   0.83623675 
        0.36    3.2580524   0.82691598 
       0.361    3.2496546   0.81773855 
       0.362    3.2413484    0.8087014 
       0.363    3.2331328   0.79980194 
       0.364    3.2250063   0.79103738 
       0.365    3.2169674   0.78240499 
       0.366    3.2090148   0.77390205 
       0.367    3.2011479   0.76552671 
       0.368    3.1933653    0.7572773 
       0.369    3.1856653   0.74915004 
        0.37     3.178047   0.74114277 
       0.371    3.1705086   0.73325274 
       0.372    3.1630494   0.72547803 
       0.373    3.1556681   0.71781636 
       0.374    3.1483632    0.7102654 
       0.375    3.1411344   0.70282344 
       0.376    3.1339811   0.69549038 
       0.377    3.1269013   0.68826239 
       0.378    3.1198942   0.68113727 
       0.379    3.1129581   0.67411286 
        0.38    3.1060928   0.66718767 
       0.381     3.099297   0.66036026 
       0.382    3.0925705   0.65363046 
       0.383    3.0859118   0.64699458 
       0.384    3.0793193   0.64045044 
       0.385    3.0727925   0.63399675 
       0.386    3.0663313   0.62763397 
       0.387    3.0599343   0.62135929 
       0.388    3.0536003   0.61517026 
       0.389    3.0473278   0.60906503 
        0.39    3.0411186   0.60304542 
       0.391    3.0349695    0.5971075 
       0.392    3.0288805   0.59124976 
       0.393    3.0228498   0.58547064 
       0.394    3.0168775   0.57977075 
       0.395    3.0109635   0.57414737 
       0.396    3.0051056   0.56859818 
       0.397    2.9993046   0.56312547 
       0.398    2.9935579   0.55772433 
       0.399    2.9878663    0.5523947 
         0.4    2.9822294    0.5471377 
       0.401    2.9766444   0.54194865 
       0.402     2.971112   0.53682799 
       0.403    2.9656328    0.5317764 
       0.404    2.9602037   0.52678952 
       0.405    2.9548251    0.5218687 
       0.406    2.9494966   0.51701217 
       0.407    2.9442174   0.51221846 
       0.408    2.9389872   0.50748832 
       0.409    2.9338039    0.5028179 
        0.41     2.928669   0.49820948 
       0.411    2.9235809    0.4936601 
       0.412    2.9185388   0.48916945 
       0.413    2.9135418   0.48473627 
       0.414    2.9085902   0.48036012 
       0.415    2.9036837   0.47604076 
       0.416    2.8988207   0.47177596 
       0.417    2.8940009   0.46756599 
       0.418    2.8892237   0.46340913 
       0.419    2.8844898   0.45930624 
        0.42    2.8797973    0.4552548 
       0.421     2.875146    0.4512551 
       0.422    2.8705349   0.44730547 
       0.423     2.865965   0.44340647 
       0.424    2.8614349   0.43955679 
       0.425    2.8569436   0.43575516 
       0.426    2.8524911    0.4320018 
       0.427    2.8480768   0.42829493 
       0.428    2.8437014    0.4246361 
       0.429    2.8393628    0.4210222 
        0.43    2.8350611   0.41745381 
       0.431    2.8307957   0.41393004 
       0.432    2.8265665   0.41044994 
       0.433    2.8223736   0.40701456 
       0.434    2.8182155   0.40362132 
       0.435    2.8140917   0.40027002 
       0.436    2.8100028   0.39696121 
       0.437    2.8059476   0.39369314 
       0.438    2.8019262   0.39046592 
       0.439    2.7979381   0.38727925 
        0.44    2.7939823    0.3841315 
       0.441    2.7900586   0.38102271 
       0.442    2.7861676   0.37795334 
       0.443    2.7823081   0.37492174 
       0.444    2.7784795   0.37192731 
       0.445    2.7746819   0.36897048 
       0.446    2.7709145   0.36605006 
       0.447    2.7671774   0.36316573 
       0.448      2.76347   0.36031692 
       0.449    2.7597924   0.35750415 
        0.45    2.7561436   0.35472575 
       0.451    2.7525232   0.35198146 
       0.452    2.7489309   0.34927077 
       0.453    2.7453673   0.34659441 
       0.454    2.7418315   0.34395117 
       0.455    2.7383228    0.3413403 
       0.456     2.734841    0.3387616 
       0.457    2.7313857   0.33621454 
       0.458    2.7279569   0.33369918 
       0.459    2.7245546   0.33121522 
        0.46     2.721178   0.32876198 
       0.461    2.7178267   0.32633886 
       0.462    2.7145006   0.32394563 
       0.463    2.7111992   0.32158193 
       0.464    2.7079222   0.31924731 
       0.465    2.7046698   0.31694188 
       0.466    2.7014416   0.31466524 
       0.467     2.698237   0.31241664 
       0.468    2.6950559   0.31019592 
       0.469    2.6918977   0.30800254 
        0.47    2.6887624   0.30583634 
       0.471    2.6856497   0.30369698 
       0.472    2.6825594   0.30158426 
       0.473    2.6794912   0.29949778 
       0.474     2.676445   0.29743728 
       0.475    2.6734201   0.29540226 
       0.476    2.6704166   0.29339261 
       0.477     2.667434   0.29140787 
       0.478    2.6644723   0.28944794 
       0.479     2.661531   0.28751231 
        0.48    2.6586102   0.28560101 
       0.481    2.6557096   0.28371355 
       0.482    2.6528287   0.28184965 
       0.483    2.6499673   0.28000902 
       0.484    2.6471254   0.27819145 
       0.485    2.6443024    0.2763965 
       0.486    2.6414984   0.27462411 
       0.487    2.6387131   0.27287389 
       0.488    2.6359463   0.27114574 
       0.489    2.6331976   0.26943922 
        0.49    2.6304671   0.26775426 
       0.491    2.6277543   0.26609044 
       0.492    2.6250591   0.26444756 
       0.493    2.6223812   0.26282549 
       0.494    2.6197206   0.26122396 
       0.495    2.6170769    0.2596426 
       0.496    2.6144499   0.25808121 
       0.497    2.6118394   0.25653963 
       0.498    2.6092453   0.25501755 
       0.499    2.6066674   0.25351477 
         0.5    2.6041056   0.25203132 
       0.501    2.6015595   0.25056675 
       0.502     2.599029    0.2491208 
       0.503    2.5965139   0.24769324 
       0.504    2.5940139   0.24628386 
       0.505    2.5915289   0.24489256 
       0.506    2.5890589    0.2435192 
       0.507    2.5866034    0.2421634 
       0.508    2.5841624   0.24082489 
       0.509    2.5817357   0.23950359 
        0.51    2.5793233   0.23819957 
       0.511    2.5769248   0.23691232 
       0.512      2.57454   0.23564155 
       0.513     2.572169   0.23438733 
       0.514    2.5698114   0.23314946 
       0.515     2.567467   0.23192753 
       0.516    2.5651357   0.23072138 
       0.517    2.5628176   0.22953121 
       0.518    2.5605122   0.22835644 
       0.519    2.5582193   0.22719686 
        0.52    2.5559391   0.22605269 
       0.521    2.5536711   0.22492338 
       0.522    2.5514153   0.22380881 
       0.523    2.5491716   0.22270909 
       0.524    2.5469398   0.22162376 
       0.525    2.5447196   0.22055266 
       0.526    2.5425112   0.21949587 
       0.527    2.5403141   0.21845292 
       0.528    2.5381284   0.21742391 
       0.529    2.5359539   0.21640861 
        0.53    2.5337903   0.21540663 
       0.531    2.5316378   0.21441825 
       0.532    2.5294958   0.21344285 
       0.533    2.5273647   0.21248074 
       0.534    2.5252439   0.21153132 
       0.535    2.5231335   0.21059481 
       0.536    2.5210333   0.20967078 
       0.537    2.5189432   0.20875927 
       0.538    2.5168631   0.20786006 
       0.539    2.5147929   0.20697302 
        0.54    2.5127323   0.20609802 
       0.541    2.5106813   0.20523488 
       0.542    2.5086399   0.20438352 
       0.543    2.5066077   0.20354377 
       0.544    2.5045848   0.20271547 
       0.545     2.502571   0.20189858 
       0.546    2.5005662   0.20109279 
       0.547    2.4985703   0.20029824 
       0.548    2.4965831   0.19951446 
       0.549    2.4946046    0.1987417 
        0.55    2.4926346    0.1979795 
       0.551    2.4906731   0.19722791 
       0.552    2.4887199   0.19648681 
       0.553    2.4867748   0.19575591 
       0.554     2.484838   0.19503541 
       0.555    2.4829091   0.19432485 
       0.556    2.4809883   0.19362451 
       0.557    2.4790751   0.19293382 
       0.558    2.4771694   0.19225272 
       0.559    2.4752715   0.19158133 
        0.56     2.473381   0.19091954 
       0.561     2.471498   0.19026712 
       0.562    2.4696223   0.18962394 
       0.563    2.4677537   0.18898991 
       0.564    2.4658921   0.18836484 
       0.565    2.4640375   0.18774872 
       0.566      2.46219   0.18714164 
       0.567    2.4603493   0.18654332 
       0.568    2.4585153   0.18595351 
       0.569    2.4566879   0.18537224 
        0.57    2.4548669   0.18479937 
       0.571    2.4530525   0.18423477 
       0.572    2.4512444   0.18367843 
       0.573    2.4494427   0.18313033 
       0.574    2.4476472   0.18259027 
       0.575    2.4458578   0.18205808 
       0.576    2.4440743   0.18153368 
       0.577    2.4422968     0.181017 
       0.578    2.4405252     0.180508 
       0.579    2.4387593   0.18000655 
        0.58    2.4369992   0.17951256 
       0.581    2.4352447   0.17902594 
       0.582    2.4334957   0.17854661 
       0.583    2.4317522   0.17807445 
       0.584    2.4300141   0.17760942 
       0.585    2.4282813   0.17715136 
       0.586    2.4265537   0.17670022 
       0.587    2.4248313   0.17625592 
       0.588    2.4231139   0.17581834 
       0.589    2.4214016   0.17538744 
        0.59    2.4196943   0.17496319 
       0.591    2.4179918   0.17454543 
       0.592    2.4162942   0.17413408 
       0.593    2.4146013    0.1737291 
       0.594     2.412913   0.17333038 
       0.595    2.4112294   0.17293785 
       0.596    2.4095503   0.17255142 
       0.597    2.4078757   0.17217101 
       0.598    2.4062054   0.17179653 
       0.599    2.4045395   0.17142794 
         0.6    2.4028779   0.17106516 
       0.601    2.4012205   0.17070809 
       0.602    2.3995672   0.17035669 
       0.603    2.3979181   0.17001088 
       0.604    2.3962729   0.16967056 
       0.605    2.3946318   0.16933569 
       0.606    2.3929945   0.16900621 
       0.607    2.3913611   0.16868199 
       0.608    2.3897314     0.168363 
       0.609    2.3881055    0.1680492 
        0.61    2.3864833    0.1677405 
       0.611    2.3848648    0.1674369 
       0.612    2.3832498   0.16713824 
       0.613    2.3816383   0.16684447 
       0.614    2.3800303   0.16655553 
       0.615    2.3784256   0.16627135 
       0.616    2.3768243   0.16599186 
       0.617    2.3752263   0.16571701 
       0.618    2.3736315   0.16544673 
       0.619      2.37204   0.16518107 
        0.62    2.3704517   0.16491988 
       0.621    2.3688664   0.16466306 
       0.622    2.3672841   0.16441057 
       0.623    2.3657049   0.16416236 
       0.624    2.3641285   0.16391836 
       0.625    2.3625551   0.16367858 
       0.626    2.3609846   0.16344292 
       0.627    2.3594169   0.16321132 
       0.628    2.3578519   0.16298372 
       0.629    2.3562896   0.16276006 
        0.63      2.35473   0.16254031 
       0.631    2.3531731   0.16232441 
       0.632    2.3516187   0.16211228 
       0.633    2.3500669   0.16190389 
       0.634    2.3485175    0.1616992 
       0.635    2.3469706   0.16149813 
       0.636    2.3454262   0.16130064 
       0.637    2.3438841   0.16110671 
       0.638    2.3423443   0.16091624 
       0.639    2.3408068   0.16072917 
        0.64    2.3392716   0.16054555 
       0.641    2.3377386    0.1603653 
       0.642    2.3362078    0.1601883 
       0.643    2.3346791   0.16001455 
       0.644    2.3331525   0.15984401 
       0.645     2.331628   0.15967661 
       0.646    2.3301055   0.15951233 
       0.647     2.328585    0.1593511 
       0.648    2.3270664   0.15919286 
       0.649    2.3255498   0.15903765 
        0.65     2.324035   0.15888532 
       0.651     2.322522   0.15873589 
       0.652     2.321011   0.15858938 
       0.653    2.3195017   0.15844562 
       0.654    2.3179941   0.15830464 
       0.655    2.3164882   0.15816637 
       0.656     2.314984   0.15803077 
       0.657    2.3134815    0.1578978 
       0.658    2.3119806   0.15776747 
       0.659    2.3104812   0.15763969 
        0.66    2.3089835   0.15751444 
       0.661    2.3074872   0.15739169 
       0.662    2.3059925   0.15727137 
       0.663    2.3044992   0.15715346 
       0.664    2.3030073   0.15703791 
       0.665    2.3015168    0.1569247 
       0.666    2.3000278   0.15681381 
       0.667    2.2985401   0.15670521 
       0.668    2.2970536   0.15659882 
       0.669    2.2955685   0.15649461 
        0.67    2.2940847   0.15639255 
       0.671     2.292602   0.15629261 
       0.672    2.2911207   0.15619483 
       0.673    2.2896405   0.15609908 
       0.674    2.2881614   0.15600535 
       0.675    2.2866835    0.1559136 
       0.676    2.2852067    0.1558238 
       0.677     2.283731   0.15573598 
       0.678    2.2822563   0.15565004 
       0.679    2.2807827   0.15556596 
        0.68    2.2793101   0.15548372 
       0.681    2.2778385   0.15540328 
       0.682    2.2763678   0.15532462 
       0.683    2.2748981   0.15524773 
       0.684    2.2734294   0.15517253 
       0.685    2.2719615   0.15509901 
       0.686    2.2704945   0.15502718 
       0.687    2.2690283   0.15495698 
       0.688     2.267563   0.15488838 
       0.689    2.2660985   0.15482134 
        0.69    2.2646348   0.15475586 
       0.691    2.2631718    0.1546919 
       0.692    2.2617097   0.15462945 
       0.693    2.2602482   0.15456845 
       0.694    2.2587874    0.1545089 
       0.695    2.2573274   0.15445076 
       0.696     2.255868   0.15439403 
       0.697    2.2544093   0.15433865 
       0.698    2.2529512   0.15428462 
       0.699    2.2514937   0.15423191 
         0.7    2.2500369    0.1541805 
       0.701    2.2485806   0.15413033 
       0.702    2.2471248   0.15408142 
       0.703    2.2456697   0.15403376 
       0.704     2.244215   0.15398727 
       0.705    2.2427609   0.15394196 
       0.706    2.2413073   0.15389781 
       0.707    2.2398541    0.1538548 
       0.708    2.2384014   0.15381288 
       0.709    2.2369492   0.15377205 
        0.71    2.2354974   0.15373231 
       0.711     2.234046    0.1536936 
       0.712     2.232595   0.15365591 
       0.713    2.2311444   0.15361924 
       0.714    2.2296942   0.15358355 
       0.715    2.2282443   0.15354881 
       0.716    2.2267948   0.15351503 
       0.717    2.2253456   0.15348216 
       0.718    2.2238967    0.1534502 
       0.719    2.2224481   0.15341913 
        0.72    2.2209999   0.15338892 
       0.721    2.2195519   0.15335956 
       0.722    2.2181041   0.15333104 
       0.723    2.2166566   0.15330332 
       0.724    2.2152094   0.15327638 
       0.725    2.2137624   0.15325025 
       0.726    2.2123156   0.15322485 
       0.727     2.210869    0.1532002 
       0.728    2.2094225   0.15317628 
       0.729    2.2079763   0.15315305 
        0.73    2.2065302   0.15313052 
       0.731    2.2050843   0.15310868 
       0.732    2.2036386   0.15308747 
       0.733    2.2021929   0.15306691 
       0.734    2.2007474   0.15304698 
       0.735     2.199302   0.15302765 
       0.736    2.1978568   0.15300894 
       0.737    2.1964116   0.15299078 
       0.738    2.1949665    0.1529732 
       0.739    2.1935214   0.15295617 
        0.74    2.1920765   0.15293966 
       0.741    2.1906316   0.15292368 
       0.742    2.1891867    0.1529082 
       0.743    2.1877419   0.15289322 
       0.744    2.1862971   0.15287872 
       0.745    2.1848523   0.15286467 
       0.746    2.1834075   0.15285109 
       0.747    2.1819627   0.15283793 
       0.748     2.180518    0.1528252 
       0.749    2.1790732   0.15281288 
        0.75    2.1776284   0.15280096 
       0.751    2.1761836   0.15278943 
       0.752    2.1747387   0.15277826 
       0.753    2.1732938   0.15276747 
       0.754    2.1718488   0.15275701 
       0.755    2.1704038   0.15274689 
       0.756    2.1689587    0.1527371 
       0.757    2.1675135   0.15272762 
       0.758    2.1660683   0.15271844 
       0.759     2.164623   0.15270955 
        0.76    2.1631776   0.15270094 
       0.761    2.1617321   0.15269259 
       0.762    2.1602864   0.15268451 
       0.763    2.1588407   0.15267666 
       0.764    2.1573949   0.15266907 
       0.765    2.1559489   0.15266168 
       0.766    2.1545028   0.15265452 
       0.767    2.1530566   0.15264755 
       0.768    2.1516103   0.15264079 
       0.769    2.1501637   0.15263419 
        0.77    2.1487171   0.15262779 
       0.771    2.1472703   0.15262154 
       0.772    2.1458233   0.15261545 
       0.773    2.1443762    0.1526095 
       0.774    2.1429289    0.1526037 
       0.775    2.1414815   0.15259801 
       0.776    2.1400338   0.15259245 
       0.777     2.138586   0.15258699 
       0.778     2.137138   0.15258164 
       0.779    2.1356898   0.15257637 
        0.78    2.1342415   0.15257119 
       0.781    2.1327929   0.15256608 
       0.782    2.1313441   0.15256105 
       0.783    2.1298952   0.15255607 
       0.784     2.128446   0.15255114 
       0.785    2.1269966   0.15254625 
       0.786     2.125547    0.1525414 
       0.787    2.1240972   0.15253658 
       0.788    2.1226472   0.15253176 
       0.789    2.1211969   0.15252697 
        0.79    2.1197465   0.15252218 
       0.791    2.1182958   0.15251741 
       0.792    2.1168449   0.15251261 
       0.793    2.1153937   0.15250777 
       0.794    2.1139423   0.15250293 
       0.795    2.1124907   0.15249807 
       0.796    2.1110388   0.15249315 
       0.797    2.1095867   0.15248817 
       0.798    2.1081344   0.15248318 
       0.799    2.1066818   0.15247812 
         0.8     2.105229   0.15247297 
       0.801    2.1037759   0.15246777 
       0.802    2.1023226   0.15246251 
       0.803     2.100869   0.15245714 
       0.804    2.0994152   0.15245168 
       0.805    2.0979611   0.15244615 
       0.806    2.0965068   0.15244051 
       0.807    2.0950522   0.15243474 
       0.808    2.0935974    0.1524289 
       0.809    2.0921423   0.15242292 
        0.81     2.090687    0.1524168 
       0.811    2.0892314   0.15241058 
       0.812    2.0877755   0.15240423 
       0.813    2.0863194   0.15239771 
       0.814     2.084863   0.15239107 
       0.815    2.0834064   0.15238428 
       0.816    2.0819495   0.15237733 
       0.817    2.0804924   0.15237022 
       0.818     2.079035   0.15236296 
       0.819    2.0775773   0.15235551 
        0.82    2.0761194   0.15234789 
       0.821    2.0746612   0.15234012 
       0.822    2.0732028   0.15233214 
       0.823    2.0717441   0.15232397 
       0.824    2.0702851   0.15231563 
       0.825    2.0688259   0.15230708 
       0.826    2.0673665   0.15229833 
       0.827    2.0659068   0.15228939 
       0.828    2.0644468   0.15228022 
       0.829    2.0629865   0.15227085 
        0.83    2.0615261   0.15226127 
       0.831    2.0600653   0.15225145 
       0.832    2.0586043   0.15224142 
       0.833    2.0571431   0.15223117 
       0.834    2.0556816   0.15222067 
       0.835    2.0542199   0.15220994 
       0.836    2.0527579   0.15219898 
       0.837    2.0512957   0.15218776 
       0.838    2.0498332   0.15217632 
       0.839    2.0483705   0.15216461 
        0.84    2.0469076   0.15215265 
       0.841    2.0454444   0.15214044 
       0.842     2.043981   0.15212797 
       0.843    2.0425173   0.15211523 
       0.844    2.0410534   0.15210223 
       0.845    2.0395893   0.15208896 
       0.846    2.0381249   0.15207542 
       0.847    2.0366604    0.1520616 
       0.848    2.0351956    0.1520475 
       0.849    2.0337305   0.15203313 
        0.85    2.0322653   0.15201847 
       0.851    2.0307998   0.15200352 
       0.852    2.0293342   0.15198829 
       0.853    2.0278683   0.15197275 
       0.854    2.0264022   0.15195693 
       0.855    2.0249359   0.15194081 
       0.856    2.0234693   0.15192438 
       0.857    2.0220026   0.15190767 
       0.858    2.0205357   0.15189064 
       0.859    2.0190686    0.1518733 
        0.86    2.0176013   0.15185566 
       0.861    2.0161338    0.1518377 
       0.862    2.0146661   0.15181944 
       0.863    2.0131982   0.15180085 
       0.864    2.0117301   0.15178194 
       0.865    2.0102619   0.15176272 
       0.866    2.0087935   0.15174317 
       0.867    2.0073249   0.15172329 
       0.868    2.0058561   0.15170309 
       0.869    2.0043872   0.15168256 
        0.87    2.0029181    0.1516617 
       0.871    2.0014489    0.1516405 
       0.872    1.9999795   0.15161898 
       0.873    1.9985099   0.15159711 
       0.874    1.9970402   0.15157491 
       0.875    1.9955704   0.15155236 
       0.876    1.9941004   0.15152947 
       0.877    1.9926303   0.15150625 
       0.878      1.99116   0.15148267 
       0.879    1.9896896   0.15145875 
        0.88    1.9882191   0.15143448 
       0.881    1.9867485   0.15140986 
       0.882    1.9852778   0.15138489 
       0.883    1.9838069   0.15135956 
       0.884    1.9823359   0.15133388 
       0.885    1.9808648   0.15130784 
       0.886    1.9793937   0.15128145 
       0.887    1.9779224    0.1512547 
       0.888     1.976451   0.15122758 
       0.889    1.9749796   0.15120011 
        0.89     1.973508   0.15117227 
       0.891    1.9720364   0.15114408 
       0.892    1.9705647   0.15111551 
       0.893     1.969093   0.15108658 
       0.894    1.9676212   0.15105728 
       0.895    1.9661493   0.15102761 
       0.896    1.9646773   0.15099758 
       0.897    1.9632053   0.15096717 
       0.898    1.9617333   0.15093639 
       0.899    1.9602612   0.15090524 
         0.9    1.9587891   0.15087372 
       0.901     1.957317   0.15084181 
       0.902    1.9558448   0.15080954 
       0.903    1.9543726   0.15077688 
       0.904    1.9529004   0.15074386 
       0.905    1.9514282   0.15071045 
       0.906    1.9499559   0.15067666 
       0.907    1.9484837   0.15064249 
       0.908    1.9470115   0.15060794 
       0.909    1.9455392   0.15057302 
        0.91     1.944067    0.1505377 
       0.911    1.9425948   0.15050201 
       0.912    1.9411227   0.15046593 
       0.913    1.9396506   0.15042947 
       0.914    1.9381785   0.15039262 
       0.915    1.9367064   0.15035539 
       0.916    1.9352344   0.15031777 
       0.917    1.9337624   0.15027976 
       0.918    1.9322905   0.15024137 
       0.919    1.9308187   0.15020259 
        0.92    1.9293469   0.15016342 
       0.921    1.9278752   0.15012386 
       0.922    1.9264036   0.15008391 
       0.923    1.9249321   0.15004357 
       0.924    1.9234607   0.15000284 
       0.925    1.9219893   0.14996173 
       0.926    1.9205181   0.14992021 
       0.927     1.919047   0.14987831 
       0.928    1.9175759   0.14983602 
       0.929    1.9161051   0.14979333 
        0.93    1.9146343   0.14975026 
       0.931    1.9131637   0.14970678 
       0.932    1.9116932   0.14966292 
       0.933    1.9102228   0.14961866 
       0.934    1.9087526   0.14957401 
       0.935    1.9072826   0.14952896 
       0.936    1.9058127   0.14948352 
       0.937     1.904343   0.14943769 
       0.938    1.9028735   0.14939146 
       0.939    1.9014041   0.14934484 
        0.94    1.8999349   0.14929781 
       0.941     1.898466    0.1492504 
       0.942    1.8969972   0.14920259 
       0.943    1.8955286   0.14915439 
       0.944    1.8940603   0.14910578 
       0.945    1.8925922   0.14905679 
       0.946    1.8911243    0.1490074 
       0.947    1.8896566   0.14895761 
       0.948    1.8881891   0.14890743 
       0.949     1.886722   0.14885685 
        0.95     1.885255   0.14880587 
       0.951    1.8837883    0.1487545 
       0.952    1.8823219   0.14870273 
       0.953    1.8808558   0.14865057 
       0.954    1.8793899   0.14859801 
       0.955    1.8779243   0.14854505 
       0.956     1.876459    0.1484917 
       0.957    1.8749941   0.14843796 
       0.958    1.8735294   0.14838382 
       0.959     1.872065   0.14832928 
        0.96    1.8706009   0.14827434 
       0.961    1.8691372   0.14821902 
       0.962    1.8676738   0.14816329 
       0.963    1.8662107   0.14810718 
       0.964     1.864748   0.14805066 
       0.965    1.8632856   0.14799375 
       0.966    1.8618236   0.14793645 
       0.967     1.860362   0.14787876 
       0.968    1.8589007   0.14782066 
       0.969    1.8574398   0.14776218 
        0.97    1.8559793    0.1477033 
       0.971    1.8545192   0.14764403 
       0.972    1.8530595   0.14758436 
       0.973    1.8516002   0.14752431 
       0.974    1.8501413   0.14746386 
       0.975    1.8486828   0.14740301 
       0.976    1.8472248   0.14734178 
       0.977    1.8457672   0.14728015 
       0.978      1.84431   0.14721813 
       0.979    1.8428533   0.14715572 
        0.98    1.8413971   0.14709292 
       0.981    1.8399413   0.14702973 
       0.982     1.838486   0.14696615 
       0.983    1.8370311   0.14690217 
       0.984    1.8355768   0.14683781 
       0.985    1.8341229   0.14677306 
       0.986    1.8326695   0.14670792 
       0.987    1.8312167   0.14664239 
       0.988    1.8297643   0.14657648 
       0.989    1.8283125   0.14651017 
        0.99    1.8268487   0.14640759 
       0.991    1.8253983    0.1463413 
       0.992    1.8239484   0.14627461 
       0.993    1.8224991   0.14620751 
       0.994    1.8210503   0.14614002 
       0.995    1.8196021   0.14607212 
       0.996    1.8181545   0.14600383 
       0.997    1.8167074   0.14593514 
       0.998    1.8152609   0.14586604 
       0.999     1.813815   0.14579656 
           1    1.8123696   0.14572667 