           0    3069596.6 7.8217177e+10 
       0.001    2625682.2 7.351248e+10 
       0.002    2139490.2 6.5228807e+10 
       0.003    1611020.6 5.3040796e+10 
       0.004    1040273.5 3.6623088e+10 
       0.005    427248.83 1.5650319e+10 
       0.006    20029.246    250833.82 
       0.007     18613.65    239588.91 
       0.008    17112.261    223449.08 
       0.009    15525.078     202126.4 
        0.01    13852.101    175332.94 
       0.011    12093.331    142780.75 
       0.012    10248.767    104181.91 
       0.013    9439.2016    94575.831 
       0.014    8721.8135    87272.712 
       0.015    7973.8983    78512.344 
       0.016    7195.4559     68234.01 
       0.017    6386.4863     56376.99 
       0.018    5936.7679    52092.804 
       0.019     5499.331    47814.411 
        0.02    5046.5455    42889.823 
       0.021    4578.4112    37296.758 
       0.022    4242.8587    33980.934 
       0.023    3947.9215    31295.492 
       0.024    3643.9094    28264.141 
       0.025    3337.0858    24986.856 
       0.026    3127.2561    23272.997 
       0.027    2911.5157    21353.973 
       0.028    2689.8647    19224.088 
       0.029    2512.5447    17707.042 
        0.03     2350.256    16364.847 
       0.031    2183.8587    14886.229 
       0.032     2043.771    13735.334 
       0.033     1916.547     12730.55 
       0.034    1786.3295    11631.756 
       0.035    1679.2743    10816.827 
       0.036    1576.4253    10027.347 
       0.037    1474.1325    9208.2572 
       0.038    1390.7447    8615.2773 
       0.039    1305.6014    7972.4721 
        0.04    1229.1574    7415.8521 
       0.041    1158.7222    6916.6275 
       0.042    1089.2508    6408.3568 
       0.043    1029.9724     6009.324 
       0.044    969.56496    5580.4472 
       0.045    917.50935    5236.5153 
       0.046     865.9733    4886.2313 
       0.047    819.25641     4579.136 
       0.048     774.7526    4287.3045 
       0.049    733.24618    4018.6988 
        0.05    694.41474    3771.4453 
       0.051    657.73425    3539.0298 
       0.052    623.54754    3326.5195 
       0.053    591.21937    3126.5621 
       0.054    560.88607     2941.648 
       0.055    532.36132    2777.2871 
       0.056    505.14431    2627.7304 
       0.057    479.80529    2494.6084 
       0.058    455.07383    2364.7274 
       0.059    432.43471    2252.7431 
        0.06    410.06329    2140.3483 
       0.061    389.49732    2042.3865 
       0.062    369.44871    1946.3401 
       0.063    350.40346    1856.9375 
       0.064    332.38976    1774.0271 
       0.065    314.77217    1692.3224 
       0.066    298.46752    1619.3887 
       0.067    282.59681    1547.8709 
       0.068    267.33829    1479.3695 
       0.069    253.02861    1416.3454 
        0.07    239.09675    1354.4431 
       0.071    225.81135    1295.7408 
       0.072    213.23668     1240.598 
       0.073    201.03792    1186.6403 
       0.074    189.38534    1135.1111 
       0.075    178.37386    1086.5961 
       0.076    167.72092    1039.1875 
       0.077    157.44937    993.08839 
       0.078     147.8427     950.1205 
       0.079    138.57136    908.13666 
        0.08    129.64554    867.23987 
       0.081    121.14662    827.95093 
       0.082     113.1149    790.49422 
       0.083    105.39988    753.96087 
       0.084    98.004224    718.38802 
       0.085    90.956858    683.95758 
       0.086     84.33271    651.09431 
       0.087    77.999812    619.03991 
       0.088    71.957438    587.80464 
       0.089    66.203497    557.38786 
        0.09    60.760376    527.91938 
       0.091    55.655808    499.54725 
       0.092    50.814186    471.86577 
       0.093    46.232548     444.8683 
       0.094    41.907346    418.54388 
       0.095    37.834591     392.8784 
       0.096    34.009976    367.85555 
       0.097    30.469938    343.66347 
       0.098    27.165316    320.05509 
       0.099    24.088133    296.99646 
         0.1    21.234433    274.47376 
       0.101    18.600138    252.47229 
       0.102    16.181096    230.97688 
       0.103    13.973122    209.97209 
       0.104    11.972023    189.44242 
       0.105    10.173628    169.37247 
       0.106    8.5738017    149.74702 
       0.107    7.1684623    130.55118 
       0.108    5.9535929    111.77037 
       0.109    4.9274172    93.400283 
        0.11    4.0856967    75.425246 
       0.111    3.3473716    72.304634 
       0.112    2.6372166    69.769588 
       0.113    1.9519093    67.311708 
       0.114    1.2906979    64.928797 
       0.115   0.65284602    62.618687 
       0.116  0.037937892    60.380752 
       0.117  -0.55448561      58.2141 
       0.118   -1.1255493    56.114498 
       0.119   -1.6759404    54.079846 
        0.12   -2.2063258    52.108104 
       0.121   -2.7173528    50.197291 
       0.122   -3.2096492    48.345485 
       0.123   -3.6838233    46.550822 
       0.124   -4.1404647    44.811498 
       0.125   -4.5801446    43.125763 
       0.126   -5.0034159    41.491926 
       0.127    -5.410814    39.908348 
       0.128   -5.8028571    38.373444 
       0.129   -6.1784501    36.893463 
        0.13   -6.5395109    35.459941 
       0.131   -6.8867257    34.070414 
       0.132   -7.2205435    32.723494 
       0.133   -7.5414002     31.41784 
       0.134   -7.8497328    30.152147 
       0.135   -8.1449732    28.929878 
       0.136   -8.4276599    27.749141 
       0.137   -8.6990845    26.604414 
       0.138   -8.9596108    25.494579 
       0.139    -9.209591    24.418556 
        0.14   -9.4483044    23.380515 
       0.141   -9.6765249    22.377319 
       0.142   -9.8952733    21.404569 
       0.143   -10.104869    20.461325 
       0.144    -10.30486    19.550345 
       0.145   -10.495412    18.671326 
       0.146   -10.677751    17.818874 
       0.147   -10.852149    16.992185 
       0.148   -11.017641    16.196396 
       0.149   -11.175421    15.426214 
        0.15   -11.326079    14.679239 
       0.151   -11.469167    13.958071 
       0.152   -11.604849    13.262359 
       0.153   -11.734148    12.587564 
       0.154    -11.85671     11.93578 
       0.155   -11.972531    11.307447 
       0.156   -12.082631     10.69798 
       0.157   -12.186481    10.110308 
       0.158   -12.284467     9.542931 
       0.159   -12.377325    8.9925852 
        0.16   -12.464185     8.463877 
       0.161   -12.546164     7.951655 
       0.162   -12.623156    7.4567677 
       0.163   -12.695034    6.9801521 
       0.164   -12.762659    6.5178522 
       0.165   -12.825213    6.0742408 
       0.166   -12.883778    5.6441932 
       0.167   -12.937922    5.2301852 
       0.168   -12.988091    4.8302499 
       0.169   -13.034338    4.4443718 
        0.17   -13.076722    4.0725514 
       0.171   -13.115576    3.7133314 
       0.172   -13.150745    3.3677622 
       0.173   -13.182689     3.033754 
       0.174    -13.21118    2.7126928 
       0.175   -13.236675    2.4024885 
       0.176   -13.258989    2.1043106 
       0.177   -13.278475    1.8165466 
       0.178   -13.295076    1.5397383 
       0.179   -13.308979     1.273099 
        0.18   -13.320297    1.0162536 
       0.181   -13.329016     0.769482 
       0.182   -13.335452   0.53128523 
       0.183   -13.339366   0.30318101 
       0.184   -13.341196  0.082969898 
       0.185   -13.340762   0.12816817 
       0.186   -13.338296   0.33130618 
       0.187    -13.33389    0.5267892 
       0.188   -13.327458   0.71392094 
       0.189   -13.319284   0.89415237 
        0.19   -13.309305    1.0669045 
       0.191   -13.297611    1.2325609 
       0.192   -13.284358    1.3918559 
       0.193   -13.269481    1.5441678 
       0.194   -13.253122    1.6902246 
       0.195    -13.23538    1.8304461 
       0.196   -13.216207    1.9643727 
       0.197   -13.195727    2.0925861 
       0.198   -13.174034    2.2154716 
       0.199   -13.151117    2.3328631 
         0.2   -13.127025    2.4448743 
       0.201   -13.101858     2.552026 
       0.202   -13.075669    2.6544474 
       0.203   -13.048439     2.751863 
       0.204   -13.020259    2.8447731 
       0.205   -12.991185    2.9333878 
       0.206   -12.961256    3.0178259 
       0.207   -12.930481    3.0979485 
       0.208   -12.898923    3.1740911 
       0.209   -12.866628    3.2464551 
        0.21   -12.833632    3.3151527 
       0.211   -12.799973    3.3802956 
       0.212   -12.765659    3.4417753 
       0.213    -12.73075    3.4999422 
       0.214   -12.695275     3.554903 
       0.215    -12.65927    3.6067599 
       0.216   -12.622764    3.6556111 
       0.217   -12.585784     3.701553 
       0.218   -12.548346    3.7445684 
       0.219    -12.51049    3.7848714 
        0.22   -12.472249    3.8225631 
       0.221   -12.433643     3.857728 
       0.222   -12.394694      3.89045 
       0.223   -12.355429    3.9208131 
       0.224   -12.315873    3.9488988 
       0.225   -12.276046     3.974785 
       0.226   -12.235967    3.9985477 
       0.227   -12.195659     4.020262 
       0.228   -12.155145    4.0399808 
       0.229   -12.114442    4.0577958 
        0.23   -12.073567    4.0737797 
       0.231   -12.032538    4.0879996 
       0.232   -11.991378    4.1005213 
       0.233   -11.950099    4.1114049 
       0.234   -11.908718    4.1207112 
       0.235   -11.867248     4.128498 
       0.236   -11.825707    4.1348237 
       0.237   -11.784111    4.1397438 
       0.238   -11.742469    4.1433094 
       0.239   -11.700796    4.1455737 
        0.24   -11.659106    4.1465873 
       0.241   -11.617412    4.1463989 
       0.242   -11.575724    4.1450442 
       0.243   -11.534053    4.1425759 
       0.244   -11.492414    4.1390438 
       0.245   -11.450814     4.134489 
       0.246   -11.409261    4.1289525 
       0.247   -11.367767    4.1224747 
       0.248   -11.326342    4.1150955 
       0.249   -11.284993    4.1068512 
        0.25   -11.243726    4.0977773 
       0.251   -11.202553    4.0879104 
       0.252   -11.161487    4.0772753 
       0.253    -11.12053    4.0659096 
       0.254   -11.079687      4.05385 
       0.255   -11.038967    4.0411272 
       0.256   -10.998374    4.0277708 
       0.257   -10.957914    4.0138086 
       0.258   -10.917599    3.9992622 
       0.259   -10.877436    3.9841639 
        0.26   -10.837422    3.9685412 
       0.261   -10.797562    3.9524188 
       0.262   -10.757861    3.9358207 
       0.263   -10.718338    3.9187675 
       0.264   -10.678984    3.9012847 
       0.265   -10.639802    3.8833945 
       0.266   -10.600796     3.865118 
       0.267   -10.561982    3.8464756 
       0.268   -10.523354    3.8274867 
       0.269   -10.484912    3.8081701 
        0.27   -10.446662    3.7885456 
       0.271   -10.408618    3.7686326 
       0.272   -10.370767    3.7484443 
       0.273   -10.333117    3.7280006 
       0.274   -10.295678     3.707318 
       0.275   -10.258443    3.6864097 
       0.276    -10.22141    3.6652893 
       0.277   -10.184598    3.6439787 
       0.278   -10.147996    3.6224853 
       0.279   -10.111601    3.6008205 
        0.28   -10.075436    3.5790092 
       0.281    -10.03948     3.557051 
       0.282   -10.003743    3.5349634 
       0.283   -9.9682321    3.5127617 
       0.284   -9.9329335    3.4904467 
       0.285   -9.8978683    3.4680444 
       0.286   -9.8630193    3.4455515 
       0.287   -9.8283979    3.4229859 
       0.288   -9.7940021     3.400356 
       0.289   -9.7598255    3.3776651 
        0.29   -9.7258865    3.3549364 
       0.291   -9.6921614     3.332159 
       0.292   -9.6586762    3.3093638 
       0.293   -9.6254078    3.2865368 
       0.294    -9.592376    3.2637055 
       0.295   -9.5595623    3.2408583 
       0.296   -9.5269854    3.2180216 
       0.297   -9.4946259    3.1951824 
       0.298   -9.4625044    3.1723685 
       0.299   -9.4305982    3.1495631 
         0.3   -9.3989332    3.1267987 
       0.301   -9.3674828    3.1040549 
       0.302   -9.3362688    3.0813598 
       0.303   -9.3052743    3.0587014 
       0.304   -9.2745087    3.0360958 
       0.305   -9.2439671    3.0135435 
       0.306   -9.2136459    2.9910452 
       0.307   -9.1835566    2.9686193 
       0.308   -9.1536815    2.9462513 
       0.309   -9.1240381    2.9239642 
        0.31   -9.0946128    2.9017496 
       0.311   -9.0654049    2.8796098 
       0.312   -9.0364249    2.8575632 
       0.313   -9.0076591    2.8355967 
       0.314   -8.9791106    2.8137198 
       0.315   -8.9507862    2.7919427 
       0.316   -8.9226731    2.7702558 
       0.317    -8.894777    2.7486694 
       0.318   -8.8670989    2.7271896 
       0.319   -8.8396307    2.7058094 
        0.32    -8.812373    2.6845341 
       0.321   -8.7853349     2.663377 
       0.322   -8.7585034    2.6423271 
       0.323   -8.7318787    2.6213872 
       0.324   -8.7054657    2.6005682 
       0.325   -8.6792608    2.5798678 
       0.326   -8.6532592    2.5592835 
       0.327   -8.6274611    2.5388178 
       0.328   -8.6018711    2.5184808 
       0.329   -8.5764827    2.4982677 
        0.33   -8.5512941    2.4781779 
       0.331   -8.5263039     2.458213 
       0.332   -8.5015131    2.4383763 
       0.333    -8.476923    2.4186742 
       0.334   -8.4525274    2.3991004 
       0.335   -8.4283264    2.3796567 
       0.336   -8.4043178    2.3603437 
       0.337   -8.3805007    2.3411624 
       0.338   -8.3568761    2.3221175 
       0.339   -8.3334425    2.3032089 
        0.34   -8.3101968    2.2844344 
       0.341   -8.2871376    2.2657948 
       0.342   -8.2642632    2.2472903 
       0.343   -8.2415723    2.2289215 
       0.344   -8.2190647    2.2106895 
       0.345   -8.1967387    2.1925947 
       0.346   -8.1745921     2.174637 
       0.347   -8.1526268    2.1568198 
       0.348   -8.1308388    2.1391402 
       0.349   -8.1092265    2.1215981 
        0.35   -8.0877883    2.1041934 
       0.351    -8.066524     2.086927 
       0.352   -8.0454317    2.0697987 
       0.353   -8.0245093    2.0528078 
       0.354   -8.0037568    2.0359552 
       0.355    -7.983172    2.0192402 
       0.356   -7.9627533    2.0026626 
       0.357   -7.9425004    1.9862228 
       0.358   -7.9224112    1.9699201 
       0.359   -7.9024842    1.9537542 
        0.36   -7.8827186    1.9377252 
       0.361   -7.8631128    1.9218325 
       0.362    -7.843665    1.9060755 
       0.363   -7.8243744    1.8904542 
       0.364   -7.8052397    1.8749682 
       0.365   -7.7862592    1.8596168 
       0.366   -7.7674312    1.8443994 
       0.367    -7.748756    1.8293165 
       0.368   -7.7302319    1.8143688 
       0.369   -7.7118567    1.7995538 
        0.37   -7.6936298    1.7848714 
       0.371   -7.6755485      1.77032 
       0.372   -7.6576125    1.7558998 
       0.373   -7.6398201      1.74161 
       0.374   -7.6221696    1.7274495 
       0.375   -7.6046608    1.7134184 
       0.376   -7.5872935    1.6995189 
       0.377   -7.5700648    1.6857476 
       0.378   -7.5529736    1.6721034 
       0.379   -7.5360177    1.6585851 
        0.38   -7.5191969    1.6451927 
       0.381   -7.5025098    1.6319259 
       0.382   -7.4859565    1.6187866 
       0.383   -7.4695346    1.6057709 
       0.384   -7.4532414    1.5928771 
       0.385   -7.4370769    1.5801053 
       0.386   -7.4210415    1.5674578 
       0.387   -7.4051326     1.554932 
       0.388   -7.3893484    1.5425256 
       0.389   -7.3736866     1.530237 
        0.39   -7.3581511    1.5180712 
       0.391   -7.3427363    1.5060229 
       0.392   -7.3274424    1.4940915 
       0.393   -7.3122662    1.4822754 
       0.394   -7.2972086    1.4705772 
       0.395   -7.2822695    1.4589939 
       0.396   -7.2674448    1.4475227 
       0.397   -7.2527369     1.436169 
       0.398   -7.2381407    1.4249255 
       0.399    -7.223658    1.4137933 
         0.4   -7.2092886    1.4027758 
       0.401    -7.195027    1.3918656 
       0.402   -7.1808751    1.3810648 
       0.403   -7.1668342    1.3703759 
       0.404    -7.152898    1.3597918 
       0.405   -7.1390684    1.3493162 
       0.406   -7.1253442     1.338947 
       0.407   -7.1117242    1.3286824 
       0.408   -7.0982082    1.3185247 
       0.409   -7.0847917    1.3084678 
        0.41   -7.0714784    1.2985168 
       0.411   -7.0582652    1.2886672 
       0.412   -7.0451504    1.2789192 
       0.413   -7.0321326    1.2692711 
       0.414   -7.0192126    1.2597231 
       0.415   -7.0063898    1.2502755 
       0.416   -6.9936609    1.2409247 
       0.417    -6.981026    1.2316721 
       0.418   -6.9684838     1.222515 
       0.419   -6.9560356    1.2134558 
        0.42   -6.9436777    1.2044903 
       0.421   -6.9314101    1.1956197 
       0.422   -6.9192308    1.1868414 
       0.423   -6.9071417    1.1781571 
       0.424   -6.8951402    1.1695647 
       0.425   -6.8832245    1.1610625 
       0.426   -6.8713946    1.1526513 
       0.427   -6.8596491    1.1443282 
       0.428   -6.8479899    1.1360968 
       0.429   -6.8364123    1.1279514 
        0.43   -6.8249171    1.1198935 
       0.431   -6.8135029    1.1119221 
       0.432   -6.8021694    1.1040354 
       0.433   -6.7909173    1.0962362 
       0.434    -6.779743    1.0885196 
       0.435    -6.768646    1.0808856 
       0.436   -6.7576273    1.0733358 
       0.437   -6.7466848    1.0658669 
       0.438   -6.7358183    1.0584796 
       0.439   -6.7250271    1.0511736 
        0.44   -6.7143089    1.0439459 
       0.441   -6.7036637    1.0367969 
       0.442   -6.6930927    1.0297279 
       0.443   -6.6825931    1.0227358 
       0.444   -6.6721638    1.0158196 
       0.445   -6.6618054    1.0089805 
       0.446    -6.651516    1.0022165 
       0.447   -6.6412957   0.99552685 
       0.448   -6.6311432   0.98891083 
       0.449   -6.6210593    0.9823698 
        0.45   -6.6110412   0.97590047 
       0.451   -6.6010886   0.96950246 
       0.452   -6.5912006   0.96317498 
       0.453   -6.5813788   0.95691976 
       0.454   -6.5716209   0.95073448 
       0.455   -6.5619256   0.94461775 
       0.456   -6.5522926   0.93856929 
       0.457    -6.542721   0.93258821 
       0.458   -6.5332109   0.92667485 
       0.459   -6.5237619   0.92082867 
        0.46   -6.5143729   0.91504838 
       0.461   -6.5050426    0.9093329 
       0.462   -6.4957709   0.90368188 
       0.463   -6.4865569   0.89809467 
       0.464   -6.4773999   0.89257049 
       0.465   -6.4683002   0.88710968 
       0.466   -6.4592571   0.88171152 
       0.467   -6.4502693    0.8763745 
       0.468   -6.4413363   0.87109842 
       0.469   -6.4324573   0.86588223 
        0.47    -6.423632   0.86072567 
       0.471   -6.4148598    0.8556281 
       0.472   -6.4061404   0.85058919 
       0.473    -6.397473   0.84560819 
       0.474   -6.3888572    0.8406846 
       0.475   -6.3802919   0.83581746 
       0.476   -6.3717771   0.83100656 
       0.477   -6.3633119   0.82625105 
       0.478    -6.354896   0.82155072 
       0.479   -6.3465286   0.81690458 
        0.48   -6.3382098   0.81231269 
       0.481   -6.3299386   0.80777411 
       0.482   -6.3217145   0.80328826 
       0.483    -6.313537   0.79885458 
       0.484   -6.3054056   0.79447267 
       0.485   -6.2973195   0.79014163 
       0.486   -6.2892787   0.78586133 
       0.487   -6.2812824     0.781631 
       0.488   -6.2733303   0.77745042 
       0.489   -6.2654218    0.7733187 
        0.49   -6.2575567   0.76923571 
       0.491   -6.2497341   0.76520057 
       0.492   -6.2419537   0.76121289 
       0.493   -6.2342151   0.75727241 
       0.494   -6.2265179   0.75337857 
       0.495   -6.2188614   0.74953058 
       0.496   -6.2112452   0.74572802 
       0.497   -6.2036691   0.74197052 
       0.498   -6.1961323   0.73825746 
       0.499   -6.1886347   0.73458838 
         0.5    -6.181176   0.73096343 
       0.501   -6.1737556   0.72738162 
       0.502   -6.1663729   0.72384234 
       0.503   -6.1590275   0.72034514 
       0.504   -6.1517189   0.71688951 
       0.505    -6.144447   0.71347532 
       0.506   -6.1372114   0.71010228 
       0.507   -6.1300115   0.70676945 
       0.508   -6.1228468   0.70347632 
       0.509   -6.1157171   0.70022266 
        0.51   -6.1086224    0.6970087 
       0.511   -6.1015618   0.69383325 
       0.512   -6.0945349   0.69069571 
       0.513   -6.0875416   0.68759621 
       0.514   -6.0805815   0.68453434 
       0.515    -6.073654   0.68150918 
       0.516   -6.0667588   0.67852031 
       0.517    -6.059896   0.67556827 
       0.518   -6.0530646   0.67265172 
       0.519   -6.0462644   0.66977017 
        0.52   -6.0394955   0.66692414 
       0.521   -6.0327571   0.66411241 
       0.522   -6.0260488   0.66133463 
       0.523   -6.0193708   0.65859116 
       0.524   -6.0127224   0.65588088 
       0.525   -6.0061031   0.65320343 
       0.526    -5.999513   0.65055905 
       0.527   -5.9929514   0.64794658 
       0.528   -5.9864183   0.64536631 
       0.529   -5.9799134   0.64281769 
        0.53   -5.9734359   0.64029985 
       0.531   -5.9669862   0.63781342 
       0.532   -5.9605633   0.63535693 
       0.533   -5.9541676   0.63293118 
       0.534   -5.9477982   0.63053473 
       0.535   -5.9414552   0.62816809 
       0.536   -5.9351381    0.6258303 
       0.537   -5.9288467   0.62352141 
       0.538   -5.9225807   0.62124091 
       0.539   -5.9163398   0.61898854 
        0.54   -5.9101238   0.61676398 
       0.541   -5.9039323   0.61456678 
       0.542   -5.8977652   0.61239679 
       0.543   -5.8916221   0.61025361 
       0.544   -5.8855028   0.60813684 
       0.545    -5.879407    0.6060464 
       0.546   -5.8733344   0.60398158 
       0.547    -5.867285   0.60194269 
       0.548   -5.8612581   0.59992863 
       0.549    -5.855254      0.59794 
        0.55   -5.8492719    0.5959757 
       0.551    -5.843312   0.59403587 
       0.552   -5.8373739    0.5921202 
       0.553   -5.8314571   0.59022802 
       0.554    -5.825562    0.5883598 
       0.555   -5.8196877   0.58651446 
       0.556   -5.8138349   0.58469257 
       0.557   -5.8080022   0.58289297 
       0.558   -5.8021896   0.58111542 
       0.559   -5.7963974   0.57936021 
        0.56   -5.7906254   0.57762702 
       0.561   -5.7848731   0.57591534 
       0.562   -5.7791403   0.57422493 
       0.563   -5.7734268   0.57255551 
       0.564   -5.7677321   0.57090666 
       0.565   -5.7620565   0.56927836 
       0.566   -5.7563999   0.56767074 
       0.567   -5.7507619   0.56608317 
       0.568    -5.745142    0.5645151 
       0.569   -5.7395402   0.56296661 
        0.57   -5.7339562   0.56143735 
       0.571   -5.7283899     0.559927 
       0.572   -5.7228413   0.55843552 
       0.573   -5.7173102   0.55696285 
       0.574   -5.7117963   0.55550853 
       0.575   -5.7062993    0.5540722 
       0.576    -5.700819   0.55265362 
       0.577   -5.6953553   0.55125262 
       0.578   -5.6899082   0.54986916 
       0.579   -5.6844773   0.54850288 
        0.58   -5.6790625   0.54715357 
       0.581   -5.6736637   0.54582098 
       0.582   -5.6682807   0.54450497 
       0.583   -5.6629133   0.54320524 
       0.584   -5.6575614   0.54192171 
       0.585   -5.6522247   0.54065401 
       0.586   -5.6469031   0.53940196 
       0.587   -5.6415965    0.5381654 
       0.588   -5.6363046   0.53694406 
       0.589   -5.6310274   0.53573783 
        0.59   -5.6257648   0.53454658 
       0.591   -5.6205166   0.53337001 
       0.592   -5.6152826   0.53220791 
       0.593   -5.6100626   0.53106015 
       0.594   -5.6048566   0.52992651 
       0.595   -5.5996643   0.52880679 
       0.596   -5.5944857    0.5277008 
       0.597   -5.5893205   0.52660833 
       0.598   -5.5841686   0.52552918 
       0.599     -5.57903   0.52446324 
         0.6   -5.5739044   0.52341031 
       0.601   -5.5687918   0.52237017 
       0.602    -5.563692   0.52134273 
       0.603    -5.558605   0.52032776 
       0.604   -5.5535304   0.51932507 
       0.605   -5.5484683   0.51833453 
       0.606   -5.5434185   0.51735598 
       0.607   -5.5383808   0.51638918 
       0.608   -5.5333552     0.515434 
       0.609   -5.5283415   0.51449034 
        0.61   -5.5233397   0.51355803 
       0.611   -5.5183497   0.51263699 
       0.612   -5.5133713    0.5117269 
       0.613   -5.5084043   0.51082764 
       0.614   -5.5034486   0.50993905 
       0.615   -5.4985042   0.50906098 
       0.616   -5.4935708   0.50819325 
       0.617   -5.4886485   0.50733575 
       0.618   -5.4837371    0.5064883 
       0.619   -5.4788366   0.50565099 
        0.62   -5.4739469    0.5048235 
       0.621   -5.4690676   0.50400559 
       0.622   -5.4641989   0.50319717 
       0.623   -5.4593405   0.50239811 
       0.624   -5.4544924   0.50160824 
       0.625   -5.4496546   0.50082759 
       0.626   -5.4448269   0.50005591 
       0.627   -5.4400092   0.49929306 
       0.628   -5.4352014   0.49853891 
       0.629   -5.4304033    0.4977933 
        0.63    -5.425615   0.49705619 
       0.631   -5.4208364   0.49632738 
       0.632   -5.4160672   0.49560673 
       0.633   -5.4113075   0.49489415 
       0.634   -5.4065572   0.49418955 
       0.635   -5.4018161   0.49349274 
       0.636   -5.3970842   0.49280361 
       0.637   -5.3923614   0.49212212 
       0.638   -5.3876476   0.49144805 
       0.639   -5.3829427   0.49078126 
        0.64   -5.3782468   0.49012181 
       0.641   -5.3735596   0.48946955 
       0.642   -5.3688811   0.48882423 
       0.643   -5.3642112   0.48818579 
       0.644   -5.3595498   0.48755418 
       0.645   -5.3548969    0.4869292 
       0.646   -5.3502523   0.48631082 
       0.647    -5.345616   0.48569887 
       0.648   -5.3409879   0.48509323 
       0.649   -5.3363681   0.48449396 
        0.65   -5.3317562   0.48390073 
       0.651   -5.3271524   0.48331358 
       0.652   -5.3225566   0.48273252 
       0.653   -5.3179686    0.4821572 
       0.654   -5.3133885    0.4815877 
       0.655    -5.308816   0.48102379 
       0.656   -5.3042512   0.48046545 
       0.657   -5.2996939   0.47991254 
       0.658   -5.2951443   0.47936508 
       0.659   -5.2906021   0.47882287 
        0.66   -5.2860672   0.47828586 
       0.661   -5.2815398   0.47775399 
       0.662   -5.2770196    0.4772271 
       0.663   -5.2725066   0.47670511 
       0.664   -5.2680007   0.47618795 
       0.665   -5.2635019   0.47567554 
       0.666   -5.2590102   0.47516783 
       0.667   -5.2545255   0.47466474 
       0.668   -5.2500477   0.47416613 
       0.669   -5.2455767    0.4736719 
        0.67   -5.2411125   0.47318199 
       0.671    -5.236655   0.47269633 
       0.672   -5.2322043   0.47221497 
       0.673   -5.2277602   0.47173765 
       0.674   -5.2233226   0.47126434 
       0.675   -5.2188916   0.47079496 
       0.676    -5.214467   0.47032943 
       0.677   -5.2100489   0.46986779 
       0.678   -5.2056371   0.46940984 
       0.679   -5.2012317   0.46895552 
        0.68   -5.1968325   0.46850479 
       0.681   -5.1924395   0.46805756 
       0.682   -5.1880527   0.46761379 
       0.683    -5.183672   0.46717343 
       0.684   -5.1792974   0.46673632 
       0.685   -5.1749288   0.46630243 
       0.686   -5.1705662   0.46587177 
       0.687   -5.1662095   0.46544421 
       0.688   -5.1618587   0.46501968 
       0.689   -5.1575137    0.4645981 
        0.69   -5.1531745   0.46417947 
       0.691   -5.1488411   0.46376367 
       0.692   -5.1445133    0.4633507 
       0.693   -5.1401913   0.46294042 
       0.694   -5.1358748   0.46253282 
       0.695   -5.1315639   0.46212784 
       0.696   -5.1272586   0.46172543 
       0.697   -5.1229588   0.46132547 
       0.698   -5.1186644   0.46092798 
       0.699   -5.1143754   0.46053288 
         0.7   -5.1100918   0.46014011 
       0.701   -5.1058135   0.45974958 
       0.702   -5.1015405   0.45936128 
       0.703   -5.0972728   0.45897519 
       0.704   -5.0930103   0.45859118 
       0.705    -5.088753   0.45820923 
       0.706   -5.0845008   0.45782928 
       0.707   -5.0802537   0.45745133 
       0.708   -5.0760117   0.45707524 
       0.709   -5.0717747   0.45670102 
        0.71   -5.0675428   0.45632866 
       0.711   -5.0633158   0.45595803 
       0.712   -5.0590937   0.45558912 
       0.713   -5.0548765    0.4552219 
       0.714   -5.0506642    0.4548563 
       0.715   -5.0464566   0.45449226 
       0.716   -5.0422539   0.45412977 
       0.717    -5.038056   0.45376877 
       0.718   -5.0338628    0.4534092 
       0.719   -5.0296742   0.45305107 
        0.72   -5.0254904   0.45269429 
       0.721   -5.0213111   0.45233881 
       0.722   -5.0171365   0.45198464 
       0.723   -5.0129665    0.4516317 
       0.724   -5.0088009   0.45127994 
       0.725   -5.0046399   0.45092938 
       0.726   -5.0004834   0.45057992 
       0.727   -4.9963313   0.45023153 
       0.728   -4.9921837   0.44988422 
       0.729   -4.9880404   0.44953789 
        0.73   -4.9839015   0.44919253 
       0.731   -4.9797669   0.44884814 
       0.732   -4.9756366   0.44850461 
       0.733   -4.9715107   0.44816196 
       0.734   -4.9673889   0.44782015 
       0.735   -4.9632714   0.44747911 
       0.736   -4.9591581   0.44713887 
       0.737    -4.955049   0.44679933 
       0.738    -4.950944    0.4464605 
       0.739   -4.9468431   0.44612234 
        0.74   -4.9427464    0.4457848 
       0.741   -4.9386536   0.44544787 
       0.742    -4.934565    0.4451115 
       0.743   -4.9304803   0.44477569 
       0.744   -4.9263997   0.44444038 
       0.745    -4.922323   0.44410554 
       0.746   -4.9182503   0.44377119 
       0.747   -4.9141814   0.44343722 
       0.748   -4.9101165   0.44310368 
       0.749   -4.9060555   0.44277049 
        0.75   -4.9019983   0.44243764 
       0.751   -4.8979449   0.44210513 
       0.752   -4.8938954   0.44177288 
       0.753   -4.8898496   0.44144091 
       0.754   -4.8858076   0.44110916 
       0.755   -4.8817693   0.44077764 
       0.756   -4.8777347   0.44044629 
       0.757   -4.8737038   0.44011512 
       0.758   -4.8696766   0.43978409 
       0.759   -4.8656531   0.43945316 
        0.76   -4.8616332   0.43912234 
       0.761   -4.8576168   0.43879156 
       0.762   -4.8536041   0.43846087 
       0.763    -4.849595   0.43813016 
       0.764   -4.8455894    0.4377995 
       0.765   -4.8415873   0.43746879 
       0.766   -4.8375887   0.43713805 
       0.767   -4.8335936   0.43680725 
       0.768    -4.829602   0.43647638 
       0.769   -4.8256138   0.43614538 
        0.77   -4.8216291   0.43581431 
       0.771   -4.8176477   0.43548305 
       0.772   -4.8136698   0.43515168 
       0.773   -4.8096952   0.43482011 
       0.774    -4.805724   0.43448835 
       0.775   -4.8017562   0.43415638 
       0.776   -4.7977916   0.43382418 
       0.777   -4.7938304   0.43349173 
       0.778   -4.7898724   0.43315903 
       0.779   -4.7859177   0.43282603 
        0.78   -4.7819662   0.43249275 
       0.781    -4.778018   0.43215914 
       0.782    -4.774073   0.43182523 
       0.783   -4.7701311   0.43149095 
       0.784   -4.7661925   0.43115633 
       0.785    -4.762257   0.43082133 
       0.786   -4.7583247   0.43048594 
       0.787   -4.7543955   0.43015016 
       0.788   -4.7504694   0.42981394 
       0.789   -4.7465464   0.42947732 
        0.79   -4.7426265   0.42914024 
       0.791   -4.7387096   0.42880275 
       0.792   -4.7347958   0.42846475 
       0.793    -4.730885   0.42812624 
       0.794   -4.7269773   0.42778725 
       0.795   -4.7230726    0.4274478 
       0.796   -4.7191708   0.42710779 
       0.797    -4.715272   0.42676721 
       0.798   -4.7113762   0.42642618 
       0.799   -4.7074833   0.42608456 
         0.8   -4.7035933   0.42574234 
       0.801   -4.6997063   0.42539958 
       0.802   -4.6958221   0.42505626 
       0.803   -4.6919409    0.4247123 
       0.804   -4.6880625   0.42436774 
       0.805    -4.684187   0.42402261 
       0.806   -4.6803143   0.42367683 
       0.807   -4.6764444   0.42333039 
       0.808   -4.6725774   0.42298336 
       0.809   -4.6687132   0.42263566 
        0.81   -4.6648517   0.42228726 
       0.811    -4.660993   0.42193825 
       0.812   -4.6571371   0.42158856 
       0.813    -4.653284   0.42123814 
       0.814   -4.6494336   0.42088707 
       0.815   -4.6455859   0.42053531 
       0.816   -4.6417409   0.42018281 
       0.817   -4.6378986    0.4198296 
       0.818    -4.634059   0.41947571 
       0.819   -4.6302221   0.41912105 
        0.82   -4.6263878   0.41876567 
       0.821   -4.6225563   0.41840958 
       0.822   -4.6187273   0.41805271 
       0.823    -4.614901   0.41769508 
       0.824   -4.6110773   0.41733674 
       0.825   -4.6072561    0.4169776 
       0.826   -4.6034376   0.41661769 
       0.827   -4.5996217   0.41625704 
       0.828   -4.5958083   0.41589558 
       0.829   -4.5919975   0.41553334 
        0.83   -4.5881893   0.41517033 
       0.831   -4.5843836   0.41480651 
       0.832   -4.5805804    0.4144419 
       0.833   -4.5767797    0.4140765 
       0.834   -4.5729815   0.41371027 
       0.835   -4.5691859   0.41334325 
       0.836   -4.5653927   0.41297543 
       0.837    -4.561602   0.41260676 
       0.838   -4.5578138    0.4122373 
       0.839    -4.554028   0.41186701 
        0.84   -4.5502446   0.41149588 
       0.841   -4.5464637   0.41112395 
       0.842   -4.5426853   0.41075117 
       0.843   -4.5389092   0.41037755 
       0.844   -4.5351355   0.41000312 
       0.845   -4.5313643   0.40962782 
       0.846   -4.5275954    0.4092517 
       0.847    -4.523829   0.40887474 
       0.848   -4.5200648   0.40849691 
       0.849   -4.5163031   0.40811827 
        0.85   -4.5125437   0.40773876 
       0.851   -4.5087866   0.40735839 
       0.852   -4.5050319    0.4069772 
       0.853   -4.5012795   0.40659513 
       0.854   -4.4975295   0.40621222 
       0.855   -4.4937817   0.40582847 
       0.856   -4.4900363   0.40544383 
       0.857   -4.4862931   0.40505837 
       0.858   -4.4825523   0.40467204 
       0.859   -4.4788137   0.40428485 
        0.86   -4.4750774   0.40389682 
       0.861   -4.4713433   0.40350791 
       0.862   -4.4676116   0.40311816 
       0.863    -4.463882   0.40272755 
       0.864   -4.4601547   0.40233607 
       0.865   -4.4564297   0.40194376 
       0.866   -4.4527069   0.40155057 
       0.867   -4.4489863   0.40115654 
       0.868   -4.4452679   0.40076165 
       0.869   -4.4415517    0.4003659 
        0.87   -4.4378377   0.39996931 
       0.871    -4.434126   0.39957186 
       0.872   -4.4304164   0.39917356 
       0.873    -4.426709   0.39877441 
       0.874   -4.4230038   0.39837441 
       0.875   -4.4193007   0.39797358 
       0.876   -4.4155998   0.39757188 
       0.877   -4.4119011   0.39716935 
       0.878   -4.4082046   0.39676597 
       0.879   -4.4045102   0.39636176 
        0.88   -4.4008179   0.39595671 
       0.881   -4.3971278   0.39555081 
       0.882   -4.3934398   0.39514409 
       0.883   -4.3897539   0.39473653 
       0.884   -4.3860702   0.39432815 
       0.885   -4.3823886   0.39391893 
       0.886   -4.3787091   0.39350889 
       0.887   -4.3750317   0.39309803 
       0.888   -4.3713564   0.39268635 
       0.889   -4.3676832   0.39227385 
        0.89   -4.3640122   0.39186053 
       0.891   -4.3603432   0.39144642 
       0.892   -4.3566763   0.39103148 
       0.893   -4.3530115   0.39061575 
       0.894   -4.3493488   0.39019921 
       0.895   -4.3456881   0.38978187 
       0.896   -4.3420296   0.38936374 
       0.897   -4.3383731   0.38894481 
       0.898   -4.3347187    0.3885251 
       0.899   -4.3310663    0.3881046 
         0.9    -4.327416   0.38768333 
       0.901   -4.3237678   0.38726127 
       0.902   -4.3201217   0.38683844 
       0.903   -4.3164776   0.38641484 
       0.904   -4.3128355   0.38599048 
       0.905   -4.3091955   0.38556535 
       0.906   -4.3055576   0.38513947 
       0.907   -4.3019217   0.38471283 
       0.908   -4.2982878   0.38428544 
       0.909    -4.294656   0.38385732 
        0.91   -4.2910262   0.38342844 
       0.911   -4.2873985   0.38299884 
       0.912   -4.2837728    0.3825685 
       0.913   -4.2801492   0.38213744 
       0.914   -4.2765276   0.38170565 
       0.915    -4.272908   0.38127316 
       0.916   -4.2692905   0.38083994 
       0.917    -4.265675   0.38040603 
       0.918   -4.2620615    0.3799714 
       0.919   -4.2584501   0.37953608 
        0.92   -4.2548407   0.37910007 
       0.921   -4.2512334   0.37866338 
       0.922    -4.247628   0.37822599 
       0.923   -4.2440247   0.37778794 
       0.924   -4.2404235   0.37734921 
       0.925   -4.2368243   0.37690982 
       0.926   -4.2332271   0.37646977 
       0.927    -4.229632   0.37602906 
       0.928   -4.2260388   0.37558771 
       0.929   -4.2224478   0.37514571 
        0.93   -4.2188587   0.37470308 
       0.931   -4.2152718   0.37425981 
       0.932   -4.2116868   0.37381592 
       0.933   -4.2081039   0.37337141 
       0.934   -4.2045231   0.37292628 
       0.935   -4.2009442   0.37248054 
       0.936   -4.1973675    0.3720342 
       0.937   -4.1937928   0.37158727 
       0.938   -4.1902201   0.37113974 
       0.939   -4.1866495   0.37069163 
        0.94    -4.183081   0.37024293 
       0.941   -4.1795145   0.36979367 
       0.942   -4.1759501   0.36934384 
       0.943   -4.1723878   0.36889344 
       0.944   -4.1688275   0.36844249 
       0.945   -4.1652693   0.36799099 
       0.946   -4.1617132   0.36753894 
       0.947   -4.1581592   0.36708636 
       0.948   -4.1546072   0.36663324 
       0.949   -4.1510574    0.3661796 
        0.95   -4.1475096   0.36572544 
       0.951    -4.143964   0.36527076 
       0.952   -4.1404204   0.36481558 
       0.953    -4.136879   0.36435989 
       0.954   -4.1333397    0.3639037 
       0.955   -4.1298025   0.36344703 
       0.956   -4.1262674   0.36298987 
       0.957   -4.1227345   0.36253223 
       0.958   -4.1192036   0.36207412 
       0.959    -4.115675   0.36161554 
        0.96   -4.1121484   0.36115651 
       0.961   -4.1086241   0.36069702 
       0.962   -4.1051019   0.36023708 
       0.963   -4.1015818    0.3597767 
       0.964   -4.0980639   0.35931587 
       0.965   -4.0945482   0.35885463 
       0.966   -4.0910347   0.35839295 
       0.967   -4.0875234   0.35793086 
       0.968   -4.0840142   0.35746836 
       0.969   -4.0805073   0.35700545 
        0.97   -4.0770026   0.35654214 
       0.971   -4.0735001   0.35607844 
       0.972   -4.0699998   0.35561435 
       0.973   -4.0665017   0.35514988 
       0.974   -4.0630059   0.35468503 
       0.975   -4.0595124   0.35421981 
       0.976    -4.056021   0.35375423 
       0.977    -4.052532   0.35328829 
       0.978   -4.0490452     0.352822 
       0.979   -4.0455607   0.35235537 
        0.98   -4.0420785   0.35188839 
       0.981   -4.0385986   0.35142109 
       0.982    -4.035121   0.35095345 
       0.983   -4.0316457   0.35048549 
       0.984   -4.0281727   0.35001722 
       0.985    -4.024702   0.34954864 
       0.986   -4.0212337   0.34907976 
       0.987   -4.0177677   0.34861058 
       0.988   -4.0143041   0.34814111 
       0.989   -4.0108428   0.34767135 
        0.99   -4.0072352   0.34698218 
       0.991   -4.0037809   0.34651523 
       0.992   -4.0003289   0.34604797 
       0.993   -3.9968793    0.3455804 
       0.994    -3.993432   0.34511252 
       0.995   -3.9899872   0.34464434 
       0.996   -3.9865447   0.34417586 
       0.997   -3.9831047    0.3437071 
       0.998   -3.9796671   0.34323806 
       0.999   -3.9762319   0.34276874 
           1   -3.9727991   0.34229916 