           0     35068000 8.9927323e+11 
       0.001     29989320 8.4518266e+11 
       0.002     24426956 7.4994412e+11 
       0.003     18380908 6.0981689e+11 
       0.004     11851176 4.2106023e+11 
       0.005      4837760 1.7993343e+11 
       0.006    179843.79    2460901.5 
       0.007    166315.15    2344025.3 
       0.008     151966.6      2177934 
       0.009    136798.13    1959732.7 
        0.01    120809.75    1686526.5 
       0.011    104001.45    1355420.2 
       0.012    86373.225    963518.86 
       0.013     78968.11    867884.19 
       0.014    72496.604    796607.91 
       0.015    65749.716     711415.4 
       0.016    58727.444    611726.84 
       0.017    51429.789    496962.37 
       0.018    47514.735    456517.05 
       0.019    43726.048    416497.62 
        0.02    39804.425     370549.4 
       0.021    35749.865    318467.93 
       0.022    32900.124    288038.32 
       0.023    30423.538    263735.68 
       0.024     27870.75    236358.84 
       0.025     25296.76    206826.13 
       0.026    23577.984    191709.34 
       0.027    21810.791     174815.7 
       0.028    19995.181    156095.85 
       0.029    18561.922    142909.98 
        0.03      17259.8    131346.82 
       0.031    15924.712    118627.14 
       0.032    14812.327    108812.32 
       0.033    13809.631    100314.49 
       0.034    12783.341    91033.944 
       0.035    11949.618    84218.291 
       0.036    11151.802    77647.576 
       0.037     10359.39    70844.222 
       0.038    9721.8129     65972.25 
       0.039    9070.8134    60697.374 
        0.04    8490.4361    56155.217 
       0.041    7959.0524    52105.725 
       0.042    7435.8859    47991.639 
       0.043    6994.2652    44788.845 
       0.044    6544.2326    41350.295 
       0.045    6160.3116    38612.976 
       0.046     5780.938    35831.924 
       0.047    5439.4578    33406.353 
       0.048    5115.5906    31110.653 
       0.049    4815.1638    29006.275 
        0.05    4535.6921    27078.297 
       0.051    4272.9417    25272.614 
       0.052    4029.5318     23629.57 
       0.053    3800.4496    22089.249 
       0.054    3586.7278    20671.352 
       0.055    3387.3057    19361.484 
       0.056    3198.3137    18124.571 
       0.057    3024.8202    17012.532 
       0.058     2856.642    15923.319 
       0.059    2705.7259    14980.141 
        0.06    2557.4002     14035.02 
       0.061    2423.9366    13213.713 
       0.062     2294.971    12412.449 
       0.063    2174.3419     11671.95 
       0.064    2062.1126    10992.334 
       0.065    1953.3285    10327.594 
       0.066    1854.9041    9744.5422 
       0.067    1760.0277    9178.6975 
       0.068    1670.0299    8644.2064 
       0.069    1587.2243    8162.5612 
        0.07    1507.3788    7695.4501 
       0.071    1432.3713    7260.9734 
       0.072    1362.4971    6861.8065 
       0.073    1295.3798    6477.2789 
       0.074    1232.1264    6117.8991 
       0.075    1173.2321    5788.0938 
       0.076    1116.7812    5471.5526 
       0.077    1062.8936    5169.8818 
       0.078    1013.2336    4897.5217 
       0.079    965.68365    4636.6029 
        0.08    920.27685    4387.8392 
       0.081    877.43826    4155.0848 
       0.082     837.3087    3939.6108 
       0.083      798.981    3734.1429 
       0.084    762.43619    3538.7991 
       0.085     727.7867    3354.7054 
       0.086    695.35673    3184.5768 
       0.087     664.4113    3022.6577 
       0.088    634.91494    2868.8542 
       0.089    606.82372    2722.9801 
        0.09    580.20615    2585.7026 
       0.091    555.14157    2457.7201 
       0.092    531.24266    2336.1356 
       0.093    508.46803    2220.7502 
       0.094    486.77385    2111.3352 
       0.095    466.11508    2007.6435 
       0.096    446.44626    1909.4181 
       0.097    427.88271    1817.5857 
       0.098    410.19748    1730.5184 
       0.099    393.33675    1647.8904 
         0.1    377.26384    1569.4986 
       0.101    361.94265    1495.1404 
       0.102    347.33791    1424.6158 
       0.103    333.41542    1357.7295 
       0.104    320.14211    1294.2922 
       0.105    307.48615    1234.1215 
       0.106    295.41703    1177.0421 
       0.107    283.90555    1122.8869 
       0.108     272.9238    1071.4964 
       0.109    262.45162    1022.7632 
        0.11    252.46218    976.53221 
       0.111    242.92081    932.59449 
       0.112     233.8057     890.8289 
       0.113    225.09604    851.12016 
       0.114    216.77201    813.35876 
       0.115    208.81474    777.44082 
       0.116    201.21077    743.29736 
       0.117    193.94635    710.85648 
       0.118    186.99874    679.98628 
       0.119    180.35228    650.60135 
        0.12    173.99213    622.62129 
       0.121    167.90426    595.97039 
       0.122    162.07539    570.57735 
       0.123    156.49295    546.37504 
       0.124    151.14503    523.30024 
       0.125    146.02037    501.29339 
       0.126    141.10829    480.29843 
       0.127    136.39871     460.2625 
       0.128    131.88204    441.13581 
       0.129    127.56851    422.99039 
        0.13    123.43179    405.67152 
       0.131    119.46117    389.12187 
       0.132    115.64899    373.30234 
       0.133    111.98794    358.17605 
       0.134    108.47111    343.70822 
       0.135    105.10287    329.93117 
       0.136    101.87511      316.802 
       0.137    98.771805    304.23089 
       0.138    95.787409    292.19062 
       0.139    92.916661    280.65544 
        0.14    90.166062    269.66795 
       0.141    87.525917    259.17587 
       0.142    84.984128    249.11321 
       0.143    82.536463    239.45979 
       0.144     80.18666    230.24074 
       0.145    77.931876    221.44321 
       0.146    75.758773    212.99467 
       0.147    73.663934    204.87921 
       0.148    71.656222     197.1495 
       0.149    69.723016    189.73759 
        0.15    67.857938    182.61075 
       0.151    66.064798     175.7926 
       0.152    64.341451    169.27365 
       0.153    62.677545    162.99933 
       0.154    61.076021    156.98786 
       0.155    59.536542    151.23943 
       0.156    58.049053    145.70154 
       0.157    56.618215    140.40109 
       0.158    55.240126    135.31892 
       0.159    53.907623    130.41851 
        0.16    52.628607    125.74327 
       0.161    51.397768    119.79144 
       0.162     50.23167    113.08635 
       0.163     49.13257    107.05553 
       0.164    48.085768    101.51161 
       0.165    47.098161    96.496163 
       0.166    46.154463    91.842722 
       0.167    45.257606    87.561257 
       0.168    44.401039    83.581487 
       0.169    43.582746    79.875095 
        0.17     42.80103     76.41923 
       0.171    42.051551    73.172492 
       0.172    41.335013    70.133409 
       0.173    40.646419    67.260478 
       0.174     39.98728    64.559302 
       0.175    39.353026    61.994957 
       0.176    38.744926    59.572172 
       0.177    38.159538     57.26592 
       0.178    37.597194    55.075678 
       0.179    37.056044    52.987774 
        0.18    36.535018    50.994114 
       0.181    36.034151    49.092806 
       0.182    35.550668    47.267078 
       0.183    35.086673    45.526667 
       0.184    34.638381    43.850259 
       0.185     34.20741    42.245167 
       0.186     33.79185    40.700542 
       0.187    33.390964    39.211969 
       0.188    33.005677    37.783034 
       0.189    32.633567     36.40139 
        0.19    32.275417    35.070145 
       0.191    31.930513    33.785301 
       0.192    31.597606    32.540721 
       0.193    31.277607    31.340004 
       0.194    30.969298    30.177271 
       0.195    30.671955    29.049069 
       0.196    30.386271    27.958004 
       0.197     30.11129    26.899668 
       0.198    29.846372    25.871154 
       0.199    29.591759    24.873221 
         0.2    29.347273    23.904862 
       0.201    29.112054     22.96243 
       0.202    28.885894    22.044963 
       0.203    28.669277    21.154144 
       0.204    28.461376    20.286595 
       0.205    28.261853    19.440915 
       0.206    28.070527    18.616314 
       0.207     27.88769    17.813749 
       0.208    27.712789    17.031048 
       0.209    27.545497    16.266943 
        0.21    27.385655    15.520786 
       0.211    27.232273    15.092109 
       0.212    27.081515    14.910777 
       0.213    26.932532    14.732221 
       0.214      26.7853     14.55639 
       0.215    26.639801    14.383245 
       0.216    26.496014    14.212744 
       0.217    26.353912     14.04484 
       0.218    26.213547    13.879683 
       0.219    26.074819    13.717028 
        0.22    25.937706    13.556821 
       0.221    25.802179    13.399015 
       0.222    25.668213    13.243567 
       0.223    25.535789     13.09044 
       0.224    25.404892    12.939593 
       0.225    25.275495    12.790985 
       0.226    25.147575    12.644575 
       0.227    25.021112    12.500324 
       0.228    24.896115    12.358247 
       0.229    24.772538    12.218255 
        0.23    24.650349    12.080293 
       0.231    24.529532    11.944327 
       0.232    24.410075    11.810325 
       0.233    24.291953    11.678247 
       0.234    24.175146    11.548059 
       0.235    24.059634    11.419725 
       0.236    23.945404    11.293216 
       0.237    23.832439    11.168498 
       0.238    23.720713    11.045534 
       0.239    23.610213    10.924296 
        0.24    23.500924    10.804753 
       0.241    23.392829    10.686874 
       0.242    23.285924    10.570666 
       0.243    23.180179    10.456073 
       0.244    23.075585    10.343061 
       0.245    22.972118    10.231599 
       0.246     22.86976    10.121656 
       0.247    22.768498    10.013207 
       0.248     22.66832    9.9062256 
       0.249    22.569207    9.8006841 
        0.25    22.471141    9.6965545 
       0.251    22.374112    9.5938147 
       0.252    22.278136    9.4925016 
       0.253    22.183179    9.3925567 
       0.254    22.089215    9.2939281 
       0.255    21.996232    9.1965928 
       0.256    21.904216    9.1005281 
       0.257    21.813152    9.0057104 
       0.258    21.723056     8.912182 
       0.259    21.633911    8.8199004 
        0.26    21.545678    8.7288011 
       0.261    21.458346    8.6388629 
       0.262    21.371902    8.5500665 
       0.263    21.286384    8.4624892 
       0.264    21.201738     8.376031 
       0.265    21.117944     8.290655 
       0.266    21.034994    8.2063445 
       0.267    20.952919     8.123172 
       0.268    20.871673    8.0410526 
       0.269    20.791235    7.9599428 
        0.27    20.711606    7.8798478 
       0.271    20.632812    7.8008288 
       0.272    20.554789    7.7227666 
       0.273    20.477543    7.6456536 
       0.274    20.401095      7.56957 
       0.275    20.325399    7.4944114 
       0.276     20.25044    7.4201495 
       0.277    20.176256    7.3468732 
       0.278    20.102796    7.2744791 
       0.279    20.030044    7.2029419 
        0.28    19.958046    7.1323582 
       0.281    19.886735    7.0625964 
       0.282    19.816125    6.9936929 
       0.283    19.746222    6.9256583 
       0.284    19.676978    6.8584059 
       0.285    19.608438    6.7920306 
       0.286    19.540547    6.7264251 
       0.287    19.473324    6.6616259 
       0.288    19.406755    6.5976176 
       0.289    19.340813    6.5343541 
        0.29    19.275535    6.4718958 
       0.291    19.210855     6.410135 
       0.292    19.146829    6.3491753 
       0.293     19.08339    6.2888917 
       0.294     19.02058    6.2293763 
       0.295    18.958348    6.1705245 
       0.296    18.896729    6.1124164 
       0.297    18.835673    6.0549539 
       0.298    18.775219    5.9982177 
       0.299     18.71531     5.942103 
         0.3    18.655998    5.8867052 
       0.301    18.597218    5.8319141 
       0.302    18.539011    5.7778052 
       0.303    18.481336    5.7243055 
       0.304    18.424207    5.6714463 
       0.305    18.367609    5.6192037 
       0.306    18.311529    5.5675556 
       0.307    18.255986    5.5165394 
       0.308    18.200939    5.4660861 
       0.309     18.14642     5.416247 
        0.31    18.092397    5.3669763 
       0.311    18.038862    5.3182613 
       0.312    17.985835     5.270141 
       0.313    17.933283    5.2225557 
       0.314    17.881208    5.1755186 
       0.315    17.829621    5.1290421 
       0.316    17.778493    5.0830824 
       0.317    17.727831    5.0376547 
       0.318    17.677634    4.9927616 
       0.319    17.627883    4.9483693 
        0.32    17.578576    4.9044796 
       0.321    17.529727    4.8611155 
       0.322     17.48131    4.8182347 
       0.323     17.43332    4.7758333 
       0.324    17.385765    4.7339288 
       0.325    17.338635    4.6925041 
       0.326    17.291919    4.6515419 
       0.327    17.245615    4.6110389 
       0.328    17.199728    4.5710106 
       0.329    17.154245     4.531436 
        0.33    17.109159    4.4923042 
       0.331    17.064466    4.4536104 
       0.332    17.020165    4.4153547 
       0.333    16.976258    4.3775443 
       0.334     16.93273    4.3401563 
       0.335     16.88958    4.3031875 
       0.336    16.846802    4.2666322 
       0.337    16.804392    4.2304861 
       0.338    16.762351     4.194753 
       0.339    16.720674    4.1594262 
        0.34    16.679354    4.1244948 
       0.341    16.638387    4.0899542 
       0.342    16.597767    4.0557995 
       0.343    16.557493    4.0220265 
       0.344     16.51756     3.988632 
       0.345    16.477966    3.9556116 
       0.346    16.438705    3.9229607 
       0.347    16.399779    3.8906813 
       0.348    16.361179    3.8587626 
       0.349    16.322902       3.8272 
        0.35    16.284943     3.795989 
       0.351    16.247301     3.765127 
       0.352    16.209972    3.7346098 
       0.353     16.17295    3.7044323 
       0.354    16.136235     3.674592 
       0.355    16.099821    3.6450843 
       0.356    16.063706    3.6159052 
       0.357    16.027887     3.587052 
       0.358    15.992361    3.5585202 
       0.359    15.957122    3.5303059 
        0.36     15.92217    3.5024061 
       0.361      15.8875     3.474817 
       0.362    15.853109    3.4475343 
       0.363    15.818994    3.4205554 
       0.364    15.785153    3.3938765 
       0.365    15.751582    3.3674941 
       0.366    15.718276    3.3414043 
       0.367    15.685237     3.315606 
       0.368     15.65246    3.2900977 
       0.369     15.61994    3.2648725 
        0.37    15.587677    3.2399281 
       0.371    15.555665    3.2152594 
       0.372    15.523902    3.1908647 
       0.373    15.492387    3.1667404 
       0.374    15.461114    3.1428827 
       0.375    15.430083    3.1192901 
       0.376    15.399293    3.0959645 
       0.377    15.368739     3.072898 
       0.378    15.338418    3.0500871 
       0.379    15.308326    3.0275277 
        0.38    15.278463    3.0052184 
       0.381    15.248825    2.9831571 
       0.382    15.219413    2.9613455 
       0.383    15.190221    2.9397757 
       0.384    15.161245    2.9184429 
       0.385    15.132484    2.8973458 
       0.386     15.10394    2.8764877 
       0.387    15.075605    2.8558622 
       0.388    15.047479    2.8354641 
       0.389    15.019556    2.8152895 
        0.39    14.991842    2.7953464 
       0.391    14.964328    2.7756239 
       0.392    14.937014      2.75612 
       0.393    14.909894    2.7368307 
       0.394    14.882969    2.7177596 
       0.395    14.856239     2.698901 
       0.396    14.829697    2.6802486 
       0.397    14.803346    2.6618108 
       0.398    14.777178     2.643574 
       0.399    14.751195      2.62554 
         0.4    14.725397    2.6077131 
       0.401    14.699775    2.5900797 
       0.402     14.67433     2.572643 
       0.403    14.649066    2.5554067 
       0.404    14.623972    2.5383575 
       0.405    14.599049    2.5215011 
       0.406    14.574298    2.5048332 
       0.407    14.549714    2.4883504 
       0.408    14.525298    2.4720557 
       0.409    14.501041    2.4559379 
        0.41    14.476951    2.4400055 
       0.411    14.453021    2.4242503 
       0.412    14.429248    2.4086716 
       0.413    14.405631    2.3932662 
       0.414    14.382169    2.3780341 
       0.415    14.358863    2.3629753 
       0.416    14.335706    2.3480831 
       0.417    14.312698    2.3333591 
       0.418    14.289838    2.3187987 
       0.419    14.267127    2.3044057 
        0.42    14.244558    2.2901721 
       0.421    14.222132    2.2760996 
       0.422    14.199846    2.2621833 
       0.423    14.177702    2.2484262 
       0.424    14.155696    2.2348243 
       0.425    14.133824     2.221374 
       0.426    14.112087    2.2080763 
       0.427    14.090483    2.1949263 
       0.428    14.069014    2.1819298 
       0.429    14.047672    2.1690766 
        0.43    14.026459    2.1563691 
       0.431    14.005372     2.143805 
       0.432    13.984411    2.1313817 
       0.433    13.963577    2.1191031 
       0.434    13.942863    2.1069609 
       0.435    13.922269    2.0949547 
       0.436    13.901797     2.083087 
       0.437    13.881442    2.0713523 
       0.438    13.861205    2.0597512 
       0.439    13.841084    2.0482833 
        0.44    13.821075     2.036943 
       0.441    13.801178    2.0257311 
       0.442    13.781396    2.0146495 
       0.443    13.761723    2.0036928 
       0.444    13.742158    1.9928592 
       0.445    13.722701    1.9821506 
       0.446     13.70335     1.971563 
       0.447    13.684104    1.9610958 
       0.448    13.664962    1.9507472 
       0.449    13.645924    1.9405194 
        0.45    13.626986    1.9304066 
       0.451    13.608148    1.9204083 
       0.452    13.589407    1.9105228 
       0.453    13.570767    1.9007532 
       0.454    13.552223    1.8910953 
       0.455    13.533774    1.8815467 
       0.456    13.515418    1.8721068 
       0.457    13.497155     1.862774 
       0.458    13.478985    1.8535488 
       0.459    13.460906    1.8444303 
        0.46    13.442917    1.8354163 
       0.461    13.425017    1.8265047 
       0.462    13.407203    1.8176949 
       0.463    13.389476    1.8089858 
       0.464    13.371834     1.800376 
       0.465    13.354277    1.7918661 
       0.466    13.336805    1.7834548 
       0.467    13.319414    1.7751394 
       0.468    13.302105    1.7669196 
       0.469    13.284876    1.7587935 
        0.47    13.267726    1.7507607 
       0.471    13.250654    1.7428201 
       0.472     13.23366    1.7349712 
       0.473    13.216743    1.7272126 
       0.474    13.199902    1.7195434 
       0.475    13.183135    1.7119619 
       0.476    13.166442    1.7044679 
       0.477    13.149821    1.6970598 
       0.478    13.133273    1.6897372 
       0.479    13.116795    1.6824985 
        0.48    13.100388    1.6753439 
       0.481     13.08405    1.6682717 
       0.482    13.067781    1.6612808 
       0.483     13.05158    1.6543704 
       0.484    13.035445    1.6475397 
       0.485    13.019376    1.6407872 
       0.486    13.003372    1.6341128 
       0.487    12.987432     1.627515 
       0.488    12.971556    1.6209936 
       0.489    12.955743    1.6145471 
        0.49    12.939992    1.6081752 
       0.491    12.924302    1.6018765 
       0.492    12.908672    1.5956502 
       0.493    12.893103    1.5894959 
       0.494    12.877592    1.5834128 
       0.495    12.862139    1.5773994 
       0.496    12.846743    1.5714551 
       0.497    12.831405    1.5655794 
       0.498    12.816122    1.5597711 
       0.499    12.800895    1.5540295 
         0.5    12.785723    1.5483549 
       0.501    12.770605    1.5427455 
       0.502     12.75554    1.5372004 
       0.503    12.740527    1.5317189 
       0.504    12.725567    1.5263001 
       0.505    12.710657    1.5209437 
       0.506    12.695799    1.5156493 
       0.507    12.680991    1.5104154 
       0.508    12.666232    1.5052412 
       0.509    12.651521    1.5001262 
        0.51    12.636859    1.4950708 
       0.511    12.622245    1.4900732 
       0.512    12.607678    1.4851322 
       0.513    12.593157    1.4802481 
       0.514    12.578682    1.4754203 
       0.515    12.564253    1.4706472 
       0.516    12.549867    1.4659282 
       0.517    12.535527    1.4612641 
       0.518     12.52123    1.4566528 
       0.519    12.506975    1.4520934 
        0.52    12.492764    1.4475869 
       0.521    12.478594    1.4431311 
       0.522    12.464466    1.4387257 
       0.523    12.450378     1.434371 
       0.524    12.436332    1.4300654 
       0.525    12.422325    1.4258083 
       0.526    12.408357    1.4215999 
       0.527    12.394429    1.4174386 
       0.528    12.380539    1.4133247 
       0.529    12.366687    1.4092573 
        0.53    12.352872    1.4052351 
       0.531    12.339095     1.401259 
       0.532    12.325354    1.3973268 
       0.533     12.31165    1.3934396 
       0.534    12.297981    1.3895953 
       0.535    12.284348    1.3857945 
       0.536    12.270749    1.3820357 
       0.537    12.257185    1.3783191 
       0.538    12.243654    1.3746438 
       0.539    12.230158    1.3710094 
        0.54    12.216694    1.3674154 
       0.541    12.203264     1.363861 
       0.542    12.189866    1.3603461 
       0.543    12.176499      1.35687 
       0.544    12.163165     1.353432 
       0.545    12.149861    1.3500321 
       0.546    12.136589    1.3466691 
       0.547    12.123347    1.3433434 
       0.548    12.110135    1.3400534 
       0.549    12.096953       1.3368 
        0.55    12.083801    1.3335815 
       0.551    12.070677     1.330398 
       0.552    12.057582    1.3272491 
       0.553    12.044516    1.3241337 
       0.554    12.031478    1.3210526 
       0.555    12.018467     1.318004 
       0.556    12.005485     1.314989 
       0.557    11.992529    1.3120055 
       0.558      11.9796    1.3090532 
       0.559    11.966697    1.3061326 
        0.56    11.953821    1.3032433 
       0.561    11.940971    1.3003844 
       0.562    11.928146    1.2975554 
       0.563    11.915346     1.294756 
       0.564    11.902572    1.2919855 
       0.565    11.889822    1.2892439 
       0.566    11.877097    1.2865314 
       0.567    11.864396    1.2838471 
       0.568    11.851719    1.2811899 
       0.569    11.839066    1.2785601 
        0.57    11.826436     1.275957 
       0.571     11.81383    1.2733803 
       0.572    11.801246    1.2708298 
       0.573    11.788686    1.2683055 
       0.574    11.776148    1.2658067 
       0.575    11.763632    1.2633327 
       0.576    11.751138    1.2608832 
       0.577    11.738665    1.2584579 
       0.578    11.726215    1.2560568 
       0.579    11.713786    1.2536792 
        0.58    11.701378     1.251325 
       0.581     11.68899    1.2489936 
       0.582    11.676624     1.246685 
       0.583    11.664279    1.2443985 
       0.584    11.651953    1.2421341 
       0.585    11.639648    1.2398912 
       0.586    11.627363    1.2376695 
       0.587    11.615097    1.2354688 
       0.588    11.602851    1.2332887 
       0.589    11.590624    1.2311289 
        0.59    11.578417    1.2289894 
       0.591    11.566229    1.2268696 
       0.592     11.55406    1.2247692 
       0.593     11.54191     1.222688 
       0.594    11.529778    1.2206256 
       0.595    11.517664    1.2185819 
       0.596    11.505569    1.2165563 
       0.597    11.493492    1.2145487 
       0.598    11.481433    1.2125587 
       0.599    11.469392    1.2105862 
         0.6    11.457368    1.2086309 
       0.601    11.445362    1.2066923 
       0.602    11.433374    1.2047704 
       0.603    11.421402    1.2028649 
       0.604    11.409448    1.2009754 
       0.605    11.397511    1.1991017 
       0.606    11.385591    1.1972437 
       0.607    11.373687    1.1954008 
       0.608      11.3618     1.193573 
       0.609     11.34993      1.19176 
        0.61    11.338076    1.1899617 
       0.611    11.326239    1.1881779 
       0.612    11.314418    1.1864081 
       0.613    11.302613    1.1846521 
       0.614    11.290824    1.1829097 
       0.615    11.279051    1.1811807 
       0.616    11.267293    1.1794647 
       0.617    11.255552    1.1777617 
       0.618    11.243825    1.1760713 
       0.619    11.232115    1.1743937 
        0.62     11.22042    1.1727285 
       0.621    11.208741    1.1710751 
       0.622    11.197077    1.1694336 
       0.623    11.185428    1.1678037 
       0.624    11.173794    1.1661851 
       0.625    11.162175    1.1645779 
       0.626    11.150572    1.1629818 
       0.627    11.138983    1.1613965 
       0.628    11.127409    1.1598218 
       0.629     11.11585    1.1582575 
        0.63    11.104306    1.1567035 
       0.631    11.092776    1.1551596 
       0.632    11.081261    1.1536254 
       0.633    11.069761     1.152101 
       0.634    11.058275    1.1505861 
       0.635    11.046803    1.1490805 
       0.636    11.035346     1.147584 
       0.637    11.023904    1.1460965 
       0.638    11.012475    1.1446178 
       0.639    11.001061    1.1431476 
        0.64    10.989661     1.141686 
       0.641    10.978276    1.1402329 
       0.642    10.966905    1.1387877 
       0.643    10.955547    1.1373505 
       0.644    10.944204    1.1359211 
       0.645    10.932875    1.1344994 
       0.646     10.92156    1.1330851 
       0.647    10.910258    1.1316782 
       0.648    10.898971    1.1302783 
       0.649    10.887698    1.1288856 
        0.65    10.876438    1.1274997 
       0.651    10.865193    1.1261205 
       0.652    10.853961    1.1247482 
       0.653    10.842744    1.1233821 
       0.654     10.83154    1.1220225 
       0.655    10.820349    1.1206689 
       0.656    10.809173    1.1193213 
       0.657     10.79801    1.1179796 
       0.658    10.786862    1.1166438 
       0.659    10.775726    1.1153136 
        0.66    10.764605    1.1139889 
       0.661    10.753497    1.1126696 
       0.662    10.742403    1.1113556 
       0.663    10.731323    1.1100466 
       0.664    10.720256    1.1087427 
       0.665    10.709204    1.1074436 
       0.666    10.698164    1.1061493 
       0.667    10.687139    1.1048598 
       0.668    10.676127    1.1035748 
       0.669    10.665129    1.1022942 
        0.67    10.654144    1.1010178 
       0.671    10.643173    1.0997456 
       0.672    10.632216    1.0984778 
       0.673    10.621273    1.0972138 
       0.674    10.610343    1.0959537 
       0.675    10.599427    1.0946973 
       0.676    10.588525    1.0934445 
       0.677    10.577636    1.0921956 
       0.678    10.566761      1.09095 
       0.679      10.5559    1.0897078 
        0.68    10.545052    1.0884688 
       0.681    10.534218    1.0872331 
       0.682    10.523398    1.0860004 
       0.683    10.512592    1.0847709 
       0.684    10.501799    1.0835441 
       0.685    10.491021    1.0823202 
       0.686    10.480256    1.0810991 
       0.687    10.469504    1.0798806 
       0.688    10.458767    1.0786647 
       0.689    10.448043    1.0774513 
        0.69    10.437334    1.0762403 
       0.691    10.426638    1.0750315 
       0.692    10.415956    1.0738251 
       0.693    10.405288    1.0726208 
       0.694    10.394634    1.0714186 
       0.695    10.383994    1.0702185 
       0.696    10.373367    1.0690203 
       0.697    10.362755    1.0678239 
       0.698    10.352157    1.0666293 
       0.699    10.341572    1.0654365 
         0.7    10.331002    1.0642454 
       0.701    10.320446    1.0630558 
       0.702    10.309904    1.0618677 
       0.703    10.299375    1.0606811 
       0.704    10.288861    1.0594959 
       0.705    10.278362    1.0583121 
       0.706    10.267876    1.0571295 
       0.707    10.257404    1.0559481 
       0.708    10.246947    1.0547678 
       0.709    10.236504    1.0535887 
        0.71    10.226075    1.0524106 
       0.711     10.21566    1.0512335 
       0.712    10.205259    1.0500573 
       0.713    10.194873     1.048882 
       0.714    10.184501    1.0477075 
       0.715    10.174144    1.0465337 
       0.716    10.163801    1.0453607 
       0.717    10.153472    1.0441883 
       0.718    10.143157    1.0430166 
       0.719    10.132858    1.0418454 
        0.72    10.122572    1.0406747 
       0.721    10.112301    1.0395045 
       0.722    10.102044    1.0383348 
       0.723    10.091802    1.0371654 
       0.724    10.081575    1.0359964 
       0.725    10.071362    1.0348277 
       0.726    10.061163    1.0336592 
       0.727    10.050979     1.032491 
       0.728     10.04081     1.031323 
       0.729    10.030656     1.030155 
        0.73    10.020516    1.0289872 
       0.731     10.01039    1.0278195 
       0.732     10.00028    1.0266518 
       0.733    9.9901839    1.0254841 
       0.734    9.9801027    1.0243164 
       0.735    9.9700363    1.0231486 
       0.736    9.9599846    1.0219807 
       0.737    9.9499477    1.0208127 
       0.738    9.9399256    1.0196445 
       0.739    9.9299184    1.0184762 
        0.74    9.9199259    1.0173076 
       0.741    9.9099483    1.0161388 
       0.742    9.8999856    1.0149697 
       0.743    9.8900377    1.0138003 
       0.744    9.8801047    1.0126306 
       0.745    9.8701866    1.0114605 
       0.746    9.8602835    1.0102901 
       0.747    9.8503952    1.0091192 
       0.748    9.8405219     1.007948 
       0.749    9.8306636    1.0067763 
        0.75    9.8208202    1.0056042 
       0.751    9.8109918    1.0044316 
       0.752    9.8011784    1.0032584 
       0.753      9.79138    1.0020848 
       0.754    9.7815965    1.0009107 
       0.755    9.7718281   0.99973594 
       0.756    9.7620747   0.99856063 
       0.757    9.7523364   0.99738476 
       0.758     9.742613   0.99620829 
       0.759    9.7329047    0.9950312 
        0.76    9.7232115   0.99385349 
       0.761    9.7135333    0.9926751 
       0.762    9.7038701   0.99149611 
       0.763     9.694222    0.9903164 
       0.764    9.6845889   0.98913608 
       0.765    9.6749709   0.98795502 
       0.766     9.665368   0.98677329 
       0.767    9.6557801   0.98559083 
       0.768    9.6462073   0.98440767 
       0.769    9.6366494   0.98322375 
        0.77    9.6271067   0.98203916 
       0.771     9.617579   0.98085377 
       0.772    9.6080663    0.9796677 
       0.773    9.5985687   0.97848083 
       0.774    9.5890861   0.97729323 
       0.775    9.5796185   0.97610485 
       0.776    9.5701659   0.97491572 
       0.777    9.5607283    0.9737258 
       0.778    9.5513058   0.97253513 
       0.779    9.5418981   0.97134365 
        0.78    9.5325055   0.97015142 
       0.781    9.5231278   0.96895838 
       0.782    9.5137651    0.9677646 
       0.783    9.5044173   0.96656999 
       0.784    9.4950844   0.96537461 
       0.785    9.4857664   0.96417843 
       0.786    9.4764633   0.96298147 
       0.787    9.4671751   0.96178372 
       0.788    9.4579017   0.96058515 
       0.789    9.4486431   0.95938582 
        0.79    9.4393994   0.95818568 
       0.791    9.4301705   0.95698483 
       0.792    9.4209564   0.95578313 
       0.793    9.4117569   0.95458057 
       0.794    9.4025722   0.95337727 
       0.795    9.3934023   0.95217325 
       0.796     9.384247   0.95096836 
       0.797    9.3751063   0.94976265 
       0.798    9.3659804   0.94855629 
       0.799     9.356869    0.9473491 
         0.8    9.3477721   0.94614108 
       0.801    9.3386899   0.94493235 
       0.802    9.3296222   0.94372288 
       0.803     9.320569   0.94251258 
       0.804    9.3115302   0.94130152 
       0.805    9.3025059    0.9400898 
       0.806     9.293496   0.93887727 
       0.807    9.2845005   0.93766395 
       0.808    9.2755194   0.93644999 
       0.809    9.2665525   0.93523526 
        0.81    9.2575999   0.93401974 
       0.811    9.2486616   0.93280358 
       0.812    9.2397375    0.9315867 
       0.813    9.2308276   0.93036905 
       0.814    9.2219318   0.92915075 
       0.815    9.2130501   0.92793177 
       0.816    9.2041825   0.92671204 
       0.817    9.1953289   0.92549166 
       0.818    9.1864894   0.92427065 
       0.819    9.1776637   0.92304891 
        0.82     9.168852   0.92182652 
       0.821    9.1600542   0.92060354 
       0.822    9.1512702   0.91937985 
       0.823       9.1425   0.91815553 
       0.824    9.1337436   0.91693064 
       0.825    9.1250008   0.91570508 
       0.826    9.1162717   0.91447891 
       0.827    9.1075563    0.9132522 
       0.828    9.0988544   0.91202484 
       0.829    9.0901661    0.9107969 
        0.83    9.0814913   0.90956844 
       0.831    9.0728299   0.90833937 
       0.832    9.0641819   0.90710976 
       0.833    9.0555473   0.90587963 
       0.834    9.0469259   0.90464892 
       0.835    9.0383179   0.90341773 
       0.836     9.029723   0.90218603 
       0.837    9.0211413   0.90095378 
       0.838    9.0125727   0.89972111 
       0.839    9.0040172   0.89848793 
        0.84    8.9954747   0.89725424 
       0.841    8.9869452   0.89602016 
       0.842    8.9784286   0.89478559 
       0.843    8.9699248   0.89355058 
       0.844    8.9614339   0.89231518 
       0.845    8.9529557   0.89107933 
       0.846    8.9444902   0.88984309 
       0.847    8.9360374   0.88860648 
       0.848    8.9275971   0.88736945 
       0.849    8.9191695    0.8861321 
        0.85    8.9107543   0.88489437 
       0.851    8.9023516   0.88365629 
       0.852    8.8939612   0.88241791 
       0.853    8.8855832   0.88117918 
       0.854    8.8772175   0.87994015 
       0.855    8.8688639   0.87870085 
       0.856    8.8605226   0.87746122 
       0.857    8.8521933   0.87622138 
       0.858    8.8438761   0.87498125 
       0.859    8.8355709   0.87374087 
        0.86    8.8272777   0.87250029 
       0.861    8.8189963   0.87125945 
       0.862    8.8107267   0.87001844 
       0.863    8.8024689   0.86877723 
       0.864    8.7942228   0.86753582 
       0.865    8.7859884   0.86629429 
       0.866    8.7777656   0.86505256 
       0.867    8.7695543   0.86381072 
       0.868    8.7613544   0.86256874 
       0.869     8.753166   0.86132664 
        0.87    8.7449889   0.86008447 
       0.871    8.7368231   0.85884218 
       0.872    8.7286686   0.85759985 
       0.873    8.7205252   0.85635744 
       0.874     8.712393   0.85511499 
       0.875    8.7042718   0.85387252 
       0.876    8.6961616      0.85263 
       0.877    8.6880623   0.85138751 
       0.878    8.6799739   0.85014501 
       0.879    8.6718963   0.84890255 
        0.88    8.6638295   0.84766012 
       0.881    8.6557733   0.84641773 
       0.882    8.6477278   0.84517543 
       0.883    8.6396929   0.84393318 
       0.884    8.6316684   0.84269105 
       0.885    8.6236544   0.84144901 
       0.886    8.6156508    0.8402071 
       0.887    8.6076575   0.83896532 
       0.888    8.5996745   0.83772368 
       0.889    8.5917017   0.83648223 
        0.89    8.5837389   0.83524092 
       0.891    8.5757863   0.83399985 
       0.892    8.5678437   0.83275895 
       0.893     8.559911   0.83151829 
       0.894    8.5519883   0.83027785 
       0.895    8.5440753   0.82903766 
       0.896    8.5361721   0.82779775 
       0.897    8.5282786   0.82655809 
       0.898    8.5203948   0.82531875 
       0.899    8.5125205   0.82407969 
         0.9    8.5046558   0.82284097 
       0.901    8.4968005   0.82160257 
       0.902    8.4889546   0.82036453 
       0.903    8.4811181   0.81912685 
       0.904    8.4732908   0.81788955 
       0.905    8.4654727   0.81665263 
       0.906    8.4576638   0.81541612 
       0.907     8.449864   0.81418004 
       0.908    8.4420732   0.81294438 
       0.909    8.4342914   0.81170918 
        0.91    8.4265185   0.81047443 
       0.911    8.4187544   0.80924018 
       0.912    8.4109991    0.8080064 
       0.913    8.4032525   0.80677314 
       0.914    8.3955146   0.80554038 
       0.915    8.3877853   0.80430818 
       0.916    8.3800646   0.80307651 
       0.917    8.3723523   0.80184541 
       0.918    8.3646485   0.80061488 
       0.919     8.356953   0.79938495 
        0.92    8.3492659   0.79815561 
       0.921     8.341587   0.79692691 
       0.922    8.3339163   0.79569883 
       0.923    8.3262537   0.79447141 
       0.924    8.3185992   0.79324464 
       0.925    8.3109527   0.79201855 
       0.926    8.3033142   0.79079314 
       0.927    8.2956836   0.78956845 
       0.928    8.2880608   0.78834447 
       0.929    8.2804458   0.78712122 
        0.93    8.2728385   0.78589872 
       0.931    8.2652389   0.78467698 
       0.932     8.257647     0.783456 
       0.933    8.2500626   0.78223583 
       0.934    8.2424857   0.78101644 
       0.935    8.2349163   0.77979788 
       0.936    8.2273542   0.77858014 
       0.937    8.2197995   0.77736326 
       0.938    8.2122521   0.77614721 
       0.939     8.204712   0.77493205 
        0.94     8.197179   0.77371777 
       0.941    8.1896531   0.77250439 
       0.942    8.1821344   0.77129191 
       0.943    8.1746226   0.77008037 
       0.944    8.1671178   0.76886975 
       0.945      8.15962    0.7676601 
       0.946     8.152129    0.7664514 
       0.947    8.1446448   0.76524369 
       0.948    8.1371674   0.76403697 
       0.949    8.1296968   0.76283125 
        0.95    8.1222328   0.76162655 
       0.951    8.1147754   0.76042288 
       0.952    8.1073246   0.75922026 
       0.953    8.0998803    0.7580187 
       0.954    8.0924425   0.75681821 
       0.955    8.0850111    0.7556188 
       0.956    8.0775861    0.7544205 
       0.957    8.0701674    0.7532233 
       0.958     8.062755   0.75202723 
       0.959    8.0553489   0.75083229 
        0.96     8.047949    0.7496385 
       0.961    8.0405552   0.74844588 
       0.962    8.0331675   0.74725443 
       0.963    8.0257859   0.74606417 
       0.964    8.0184103    0.7448751 
       0.965    8.0110407   0.74368726 
       0.966     8.003677   0.74250063 
       0.967    7.9963192   0.74131525 
       0.968    7.9889673   0.74013112 
       0.969    7.9816212   0.73894825 
        0.97    7.9742809   0.73776666 
       0.971    7.9669463   0.73658635 
       0.972    7.9596173   0.73540735 
       0.973    7.9522941   0.73422966 
       0.974    7.9449764    0.7330533 
       0.975    7.9376644   0.73187827 
       0.976    7.9303579   0.73070459 
       0.977    7.9230568   0.72953227 
       0.978    7.9157613   0.72836133 
       0.979    7.9084712   0.72719177 
        0.98    7.9011865   0.72602361 
       0.981    7.8939071   0.72485685 
       0.982    7.8866331   0.72369152 
       0.983    7.8793644   0.72252762 
       0.984    7.8721009   0.72136517 
       0.985    7.8648427   0.72020417 
       0.986    7.8575897   0.71904464 
       0.987    7.8503418   0.71788659 
       0.988    7.8430991   0.71673002 
       0.989    7.8358615   0.71557497 
        0.99    7.8285771   0.71430556 
       0.991    7.8213508   0.71315601 
       0.992    7.8141295   0.71200793 
       0.993    7.8069132   0.71086136 
       0.994    7.7997018   0.70971629 
       0.995    7.7924953   0.70857275 
       0.996    7.7852938   0.70743074 
       0.997    7.7780971   0.70629027 
       0.998    7.7709052   0.70515136 
       0.999    7.7637182   0.70401402 
           1     7.756536   0.70287826 