           0    268761.91 6.8027997e+09 
       0.001    229972.31 6.3936174e+09 
       0.002    187488.46 5.6731602e+09 
       0.003    141310.36 4.6131304e+09 
       0.004    91438.019 3.1852301e+09 
       0.005    37871.426 1.3611618e+09 
       0.006     2279.469    25611.828 
       0.007     2131.132    24535.687 
       0.008    1973.8049     22972.84 
       0.009    1807.4877    20894.658 
        0.01    1632.1804     18272.51 
       0.011    1447.8829    15077.768 
       0.012    1254.5954    11281.802 
       0.013    1165.8116    10324.056 
       0.014    1086.0595    9584.0393 
       0.015    1002.9138    8692.2493 
       0.016    916.37426    7642.3624 
       0.017    826.44105    6428.0547 
       0.018     774.3995     5980.236 
       0.019    723.49855     5528.905 
        0.02     670.8116    5007.5834 
       0.021    616.33865    4413.8576 
       0.022    576.35137    4056.8203 
       0.023     540.7339    3763.5508 
       0.024     504.0205    3431.5079 
       0.025    467.20622    3060.9626 
       0.026    446.14655     2674.562 
       0.027    424.49365    2248.1173 
       0.028    402.24751     1780.516 
       0.029    386.09874    1554.3483 
        0.03    372.14552    1420.6339 
       0.031    357.83906     1273.737 
       0.032    345.79239    1174.4522 
       0.033    334.85045    1099.1537 
       0.034    323.65107    1016.5662 
       0.035    314.13246    960.83609 
       0.036     304.8899     908.6587 
       0.037    295.64253    854.51179 
       0.038    287.68215    817.62415 
       0.039    279.55418    777.25849 
        0.04    271.98986    742.70371 
       0.041    264.80099    711.99173 
       0.042    257.63756    680.48848 
       0.043    251.15611    655.89152 
       0.044     244.5512    629.14122 
       0.045    238.51802     607.5636 
       0.046    232.48228    585.32357 
       0.047    226.77559    565.57474 
       0.048    221.19945    546.53134 
       0.049    215.82613     528.7254 
        0.05       210.63    512.03167 
       0.051    205.57973     496.0629 
       0.052    200.70384    481.14765 
       0.053    195.95912    466.84008 
       0.054    191.35743    453.30389 
       0.055    186.89824    440.47018 
       0.056    182.53448    428.02525 
       0.057    178.34065    416.48922 
       0.058    174.18571    404.92295 
       0.059    170.23787    394.52705 
        0.06    166.29927    383.89646 
       0.061    162.54818    374.28561 
       0.062    158.84081    364.68838 
       0.063    155.23538    355.52255 
       0.064    151.74123    346.82897 
       0.065    148.27969    338.11326 
       0.066    144.97101    330.13999 
       0.067    141.70466    322.20584 
       0.068    138.50428    314.47377 
       0.069    135.41872    307.23038 
        0.07    132.37147    300.02043 
       0.071    129.40069    293.07721 
       0.072     126.5182    286.46136 
       0.073    123.67708    279.90878 
       0.074    120.90288    273.56926 
       0.075    118.21173    267.52698 
       0.076    115.56252    261.55869 
       0.077     112.9591    255.69145 
       0.078    110.44658    250.16279 
       0.079    107.97521    244.70937 
        0.08    105.54697    239.34635 
       0.081    103.17557     234.1459 
       0.082    100.86875    229.14502 
       0.083    98.602931    224.22662 
       0.084    96.379005    219.39803 
       0.085    94.202384    214.68733 
       0.086    92.086609     210.1586 
       0.087    90.010139    205.70932 
       0.088    87.973305    201.34297 
       0.089    85.976227    197.06166 
        0.09    84.023366    192.88683 
       0.091    82.120335    188.84357 
       0.092    80.254333    184.87453 
       0.093    78.425255    180.98046 
       0.094     76.63289    177.16147 
       0.095    74.876943    173.41717 
       0.096    73.157056    169.74678 
       0.097    71.480502    166.18157 
       0.098    69.838617    162.68493 
       0.099    68.230282    159.25293 
         0.1    66.655115    155.88469 
       0.101    65.112702    152.57918 
       0.102    63.602602    149.33519 
       0.103    62.124356    146.15143 
       0.104    60.677488    143.02654 
       0.105    59.261517    139.95909 
       0.106    57.875951    136.94762 
       0.107    56.520296    133.99068 
       0.108    55.194058    131.08679 
       0.109     53.89719    128.23618 
        0.11    52.629134    125.43711 
       0.111    51.388651     122.6853 
       0.112      50.1753    119.97955 
       0.113    48.988643    117.31865 
       0.114    47.828244    114.70139 
       0.115    46.693673     112.1266 
       0.116    45.584886    109.59449 
       0.117    44.501791    107.10505 
       0.118    43.443436    104.65523 
       0.119    42.409394    102.24387 
        0.12    41.399252    99.869835 
       0.121    40.412602    97.532058 
       0.122    39.449046    95.229487 
       0.123    38.508196     92.96111 
       0.124    37.589674    90.725951 
       0.125    36.693904    88.350944 
       0.126    35.822038    85.899869 
       0.127    34.974004    83.515752 
       0.128      34.1491    81.196712 
       0.129    33.349223    78.952319 
        0.13    32.571419    76.770613 
       0.131    31.814711    74.648339 
       0.132    31.078469    72.583777 
       0.133    30.362083    70.575254 
       0.134    29.664971    68.621149 
       0.135    28.988168    66.726928 
       0.136    28.330902    64.890089 
       0.137    27.691162    63.102661 
       0.138    27.068426    61.363202 
       0.139    26.462188    59.670313 
        0.14    25.873802    58.030582 
       0.141    25.302063    56.439515 
       0.142     24.74531    54.890631 
       0.143    24.203107    53.382712 
       0.144    23.676342    51.920204 
       0.145    23.164811    50.502857 
       0.146     22.66649    49.122582 
       0.147       22.181    47.778314 
       0.148    21.710124    46.478214 
       0.149    21.251855    45.214258 
        0.15    20.805238    43.982884 
       0.151    20.371156    42.788324 
       0.152    19.949415    41.630219 
       0.153    19.538258    40.501599 
       0.154    19.138404     39.40592 
       0.155    18.749962    38.344062 
       0.156    18.371141    37.308896 
       0.157    18.002999    36.305242 
       0.158    17.644914     35.33087 
       0.159    17.295576    34.380676 
        0.16    16.956729    33.462244 
       0.161    16.626321    32.567393 
       0.162    16.304643     31.69764 
       0.163    15.992026    30.854658 
       0.164     15.68686    30.032109 
       0.165    15.390865    29.237326 
       0.166    15.101942    28.461992 
       0.167    14.821069    27.710347 
       0.168    14.547412     26.97925 
       0.169    14.280939    26.268807 
        0.17    14.021628    25.579154 
       0.171    13.768849    24.907963 
       0.172    13.523018    24.257137 
       0.173    13.283242    23.623262 
       0.174    13.050084    23.008816 
       0.175    12.822641    22.410352 
       0.176    12.601397    21.829998 
       0.177    12.385641     21.26509 
       0.178      12.1756    20.716691 
       0.179    11.970915    20.183545 
        0.18    11.771408    19.665104 
       0.181    11.577201     19.16199 
       0.182    11.387606    18.671645 
       0.183    11.203312    18.196906 
       0.184    11.023305    17.733934 
       0.185    10.848125    17.284969 
       0.186    10.677274    16.848187 
       0.187    10.510582     16.42305 
       0.188    10.348384    16.010965 
       0.189    10.189985     15.60935 
        0.19    10.035666    15.219396 
       0.191    9.8852401    14.840489 
       0.192    9.7383477    14.471345 
       0.193    9.5953088    14.113266 
       0.194    9.4557596    13.764963 
       0.195    9.3194896    13.425721 
       0.196    9.1867396    13.096541 
       0.197     9.057221    12.776398 
       0.198    8.9307437    12.464641 
       0.199    8.8073923    12.161682 
         0.2    8.6871209    11.867411 
       0.201    8.5696569    11.580874 
       0.202    8.4549432    11.301912 
       0.203    8.3431408    11.031193 
       0.204    8.2339806    10.767781 
       0.205     8.127356    10.511334 
       0.206    8.0232089    10.261694 
       0.207    7.9216388    10.019272 
       0.208    7.8224603    9.7834425 
       0.209    7.7255651    9.5538593 
        0.21    7.6308998    9.3303729 
       0.211    7.5384129    9.1128349 
       0.212    7.4481874    8.9015935 
       0.213    7.3600189    8.6959493 
       0.214    7.2738548    8.4957521 
       0.215    7.1896477    8.3008643 
       0.216    7.1073493     8.111149 
       0.217    7.0269112    7.9264709 
       0.218    6.9483611    7.7469677 
       0.219    6.8715747    7.5722216 
        0.22    6.7965033    7.4020842 
       0.221    6.7231017    7.2364315 
       0.222     6.651327    7.0751429 
       0.223    6.5811389     6.918101 
       0.224    6.5124981    6.7651904 
       0.225     6.445364    6.6162975 
       0.226    6.3796974    6.4713112 
       0.227    6.3154609    6.3301236 
       0.228    6.2526379    6.1926934 
       0.229    6.1911732    6.0588538 
        0.23    6.1310257    5.9284867 
       0.231    6.0721626    5.8014963 
       0.232    6.0145526    5.6777893 
       0.233    5.9581622     5.557273 
       0.234    5.9029599     5.439858 
       0.235    5.8489149    5.3254568 
       0.236    5.7959989    5.2139854 
       0.237    5.7441831    5.1053614 
       0.238    5.6934376    4.9995032 
       0.239    5.6437358    4.8963333 
        0.24    5.5950519     4.795776 
       0.241    5.5473597    4.6977574 
       0.242    5.5006457    4.6022478 
       0.243    5.4548763    4.5091477 
       0.244    5.4100269    4.4183802 
       0.245    5.3660725    4.3298779 
       0.246    5.3229899    4.2435762 
       0.247    5.2807573    4.1594128 
       0.248    5.2393544    4.0773274 
       0.249    5.1987591    3.9972605 
        0.25    5.1589504    3.9191547 
       0.251      5.11991    3.8429551 
       0.252    5.0816373    3.7686675 
       0.253    5.0441027    3.6962069 
       0.254    5.0072796    3.6254945 
       0.255    4.9711507    3.5564811 
       0.256    4.9356989    3.4891189 
       0.257     4.900907    3.4233612 
       0.258     4.866777    3.3592219 
       0.259    4.8332876    3.2966339 
        0.26    4.8004102    3.2355175 
       0.261    4.7681299    3.1758313 
       0.262    4.7364324    3.1175359 
       0.263     4.705331    3.0606747 
       0.264    4.6747888    3.0051408 
       0.265    4.6447874    2.9508825 
       0.266     4.615315    2.8978649 
       0.267     4.586383    2.8461286 
       0.268    4.5579607    2.7955847 
       0.269    4.5300292    2.7461791 
        0.27    4.5025832    2.6978971 
       0.271    4.4756314    2.6507706 
       0.272    4.4491355    2.6046887 
       0.273    4.4230883    2.5596253 
       0.274    4.3975021    2.5156319 
       0.275    4.3723447    2.4726091 
       0.276     4.347603    2.4305208 
       0.277    4.3232933    2.3894194 
       0.278    4.2993838    2.3492124 
       0.279    4.2758628    2.3098685 
        0.28    4.2527485    2.2714432 
       0.281    4.2300033    2.2338289 
       0.282    4.2076308    2.1970387 
       0.283    4.1856286     2.161067 
       0.284    4.1639708    2.1258417 
       0.285    4.1426755    2.0914164 
       0.286    4.1217121    2.0577057 
       0.287    4.1010854    2.0247229 
       0.288    4.0807866    1.9924476 
       0.289    4.0608006    1.9608389 
        0.29    4.0411384    1.9299242 
       0.291    4.0217697    1.8996256 
       0.292    4.0027149    1.8699994 
       0.293    3.9839417    1.8409555 
       0.294    3.9654668    1.8125446 
       0.295    3.9472632    1.7846912 
       0.296    3.9293452    1.7574366 
       0.297    3.9116874    1.7307126 
       0.298    3.8943044    1.7045592 
       0.299    3.8771696    1.6789065 
         0.3    3.8603015    1.6538022 
       0.301    3.8436718    1.6291751 
       0.302    3.8272947    1.6050611 
       0.303     3.811151    1.5814114 
       0.304    3.7952447    1.5582369 
       0.305    3.7795677    1.5355178 
       0.306    3.7641125    1.5132351 
       0.307    3.7488848    1.4914027 
       0.308    3.7338667    1.4699774 
       0.309    3.7190677    1.4489799 
        0.31    3.7044746    1.4283808 
       0.311    3.6900828    1.4081675 
       0.312    3.6758978    1.3883551 
       0.313    3.6619052    1.3689069 
       0.314    3.6481052    1.3498251 
       0.315    3.6344989    1.3311101 
       0.316    3.6210745    1.3127354 
       0.317    3.6078336    1.2947039 
       0.318    3.5947742    1.2770124 
       0.319    3.5818878    1.2596394 
        0.32    3.5691726     1.242582 
       0.321     3.556632    1.2258464 
       0.322    3.5442552    1.2094085 
       0.323      3.53204    1.1932626 
       0.324    3.5199877    1.1774132 
       0.325    3.5080936    1.1618482 
       0.326    3.4963525    1.1465562 
       0.327    3.4847626    1.1315319 
       0.328    3.4733249     1.116779 
       0.329    3.4620338    1.1022849 
        0.33     3.450886    1.0880413 
       0.331    3.4398789    1.0740429 
       0.332    3.4290115    1.0602866 
       0.333    3.4182834    1.0467729 
       0.334    3.4076888    1.0334887 
       0.335    3.3972263    1.0204298 
       0.336    3.3868932    1.0075912 
       0.337    3.3766876   0.99496843 
       0.338    3.3666088    0.9825605 
       0.339    3.3566545   0.97036218 
        0.34    3.3468216   0.95836632 
       0.341    3.3371081   0.94656883 
       0.342    3.3275117   0.93496546 
       0.343    3.3180308   0.92355238 
       0.344    3.3086639   0.91232596 
       0.345    3.2994091   0.90128244 
       0.346    3.2902641   0.89041821 
       0.347    3.2812289   0.87973178 
       0.348    3.2723003   0.86921703 
       0.349    3.2634765   0.85887041 
        0.35    3.2547558   0.84868849 
       0.351    3.2461371   0.83866836 
       0.352    3.2376185   0.82880672 
       0.353    3.2291981   0.81910016 
       0.354     3.220875   0.80954603 
       0.355    3.2126474   0.80014112 
       0.356    3.2045137   0.79088246 
       0.357    3.1964728   0.78176751 
       0.358    3.1885231   0.77279324 
       0.359    3.1806631   0.76395693 
        0.36    3.1728917   0.75525607 
       0.361    3.1652074   0.74668801 
       0.362    3.1576087   0.73825004 
       0.363    3.1500946   0.72993992 
       0.364    3.1426639   0.72175518 
       0.365     3.135315    0.7136934 
       0.366    3.1280467   0.70575216 
       0.367    3.1208585    0.6979299 
       0.368    3.1137491   0.69022514 
       0.369    3.1067169   0.68263447 
        0.37    3.0997611     0.675156 
       0.371      3.09288   0.66778724 
       0.372    3.0860728    0.6605265 
       0.373    3.0793385   0.65337175 
       0.374    3.0726757   0.64632086 
       0.375    3.0660839   0.63937238 
       0.376    3.0595626   0.63252625 
       0.377      3.05311   0.62577897 
       0.378    3.0467253   0.61912856 
       0.379     3.040407   0.61257305 
        0.38    3.0341548   0.60611114 
       0.381    3.0279674   0.59974151 
       0.382    3.0218449   0.59346407 
       0.383    3.0157856   0.58727542 
       0.384     3.009788   0.58117355 
       0.385    3.0038518   0.57515734 
       0.386    2.9979769   0.56922722 
       0.387    2.9921618   0.56338062 
       0.388    2.9864054   0.55761528 
       0.389    2.9807065    0.5519295 
        0.39    2.9750664   0.54632504 
       0.391    2.9694825   0.54079821 
       0.392    2.9639545   0.53534767 
       0.393    2.9584808   0.52997192 
       0.394    2.9530616   0.52467156 
       0.395    2.9476966   0.51944413 
       0.396    2.9423837   0.51428745 
       0.397    2.9371238   0.50920363 
       0.398    2.9319144   0.50418811 
       0.399    2.9267563    0.4992409 
         0.4     2.921649   0.49436302 
       0.401    2.9165899   0.48955005 
       0.402    2.9115797   0.48480246 
       0.403    2.9066188   0.48012093 
       0.404    2.9017044   0.47550131 
       0.405    2.8968369   0.47094487 
       0.406    2.8920158   0.46645001 
       0.407    2.8872405   0.46201533 
       0.408    2.8825105   0.45764152 
       0.409    2.8778239   0.45332494 
        0.41    2.8731821   0.44906779 
       0.411    2.8685837   0.44486728 
       0.412    2.8640278   0.44072307 
       0.413    2.8595136   0.43663399 
       0.414    2.8550413   0.43259965 
       0.415    2.8506107   0.42861981 
       0.416    2.8462202   0.42469235 
       0.417    2.8418695   0.42081752 
       0.418    2.8375583    0.4169937 
       0.419    2.8332868   0.41322173 
        0.42    2.8290534   0.40949918 
       0.421    2.8248581   0.40582631 
       0.422    2.8206997   0.40220156 
       0.423    2.8165792   0.39862547 
       0.424    2.8124952   0.39509677 
       0.425     2.808447   0.39161426 
       0.426    2.8044344   0.38817811 
       0.427    2.8004568   0.38478667 
       0.428    2.7965148   0.38144138 
       0.429    2.7926065    0.3781393 
        0.43    2.7887321   0.37488093 
       0.431    2.7848909   0.37166545 
       0.432    2.7810828   0.36849197 
       0.433     2.777308   0.36536143 
       0.434    2.7735649   0.36227139 
       0.435    2.7698531   0.35922166 
       0.436    2.7661732   0.35621274 
       0.437     2.762524   0.35324297 
       0.438    2.7589056   0.35031243 
       0.439    2.7553176   0.34742083 
        0.44    2.7517588   0.34456661 
       0.441    2.7482294   0.34174979 
       0.442    2.7447297   0.33897081 
       0.443    2.7412585    0.3362281 
       0.444    2.7378154   0.33352105 
       0.445    2.7344004   0.33085005 
       0.446    2.7310129   0.32821398 
       0.447    2.7276527   0.32561253 
       0.448    2.7243194   0.32304515 
       0.449    2.7210131   0.32051228 
        0.45    2.7177328   0.31801236 
       0.451    2.7144782    0.3155451 
       0.452    2.7112489   0.31311004 
       0.453    2.7080456   0.31070782 
       0.454    2.7048672   0.30833731 
       0.455    2.7017132   0.30599777 
       0.456    2.6985835     0.303689 
       0.457    2.6954777   0.30141048 
       0.458    2.6923956   0.29916226 
       0.459    2.6893373   0.29694403 
        0.46    2.6863021   0.29475514 
       0.461    2.6832896   0.29259501 
       0.462    2.6802995   0.29046341 
       0.463    2.6773317   0.28835997 
       0.464    2.6743857   0.28628426 
       0.465    2.6714616   0.28423637 
       0.466    2.6685592    0.2822159 
       0.467    2.6656778   0.28022214 
       0.468    2.6628173   0.27825491 
       0.469    2.6599773    0.2763137 
        0.47    2.6571576   0.27439833 
       0.471     2.654358   0.27250846 
       0.472    2.6515784   0.27064391 
       0.473    2.6488184   0.26880428 
       0.474    2.6460778    0.2669893 
       0.475    2.6433562   0.26519849 
       0.476    2.6406535   0.26343173 
       0.477    2.6379693   0.26168858 
       0.478    2.6353036   0.25996891 
       0.479    2.6326559   0.25827225 
        0.48    2.6300264    0.2565986 
       0.481    2.6274145    0.2549475 
       0.482    2.6248201   0.25331865 
       0.483    2.6222429   0.25171178 
       0.484    2.6196828   0.25012668 
       0.485    2.6171393   0.24856291 
       0.486    2.6146125    0.2470204 
       0.487    2.6121021   0.24549879 
       0.488    2.6096079   0.24399794 
       0.489    2.6071296   0.24251745 
        0.49    2.6046671   0.24105724 
       0.491    2.6022202   0.23961689 
       0.492    2.5997886   0.23819621 
       0.493    2.5973722   0.23679505 
       0.494    2.5949707   0.23541316 
       0.495     2.592584   0.23405016 
       0.496    2.5902118   0.23270588 
       0.497    2.5878541   0.23138013 
       0.498    2.5855105   0.23007263 
       0.499     2.583181   0.22878316 
         0.5    2.5808654   0.22751175 
       0.501    2.5785635   0.22625796 
       0.502     2.576275   0.22502153 
       0.503    2.5739998   0.22380225 
       0.504    2.5717377   0.22259989 
       0.505    2.5694885   0.22141436 
       0.506    2.5672522   0.22024552 
       0.507    2.5650285   0.21909298 
       0.508    2.5628172   0.21795652 
       0.509    2.5606182   0.21683601 
        0.51    2.5584314   0.21573152 
       0.511    2.5562566   0.21464256 
       0.512    2.5540936   0.21356888 
       0.513    2.5519423   0.21251049 
       0.514    2.5498025   0.21146721 
       0.515     2.547674   0.21043867 
       0.516    2.5455566   0.20942468 
       0.517    2.5434505   0.20842541 
       0.518    2.5413551   0.20744035 
       0.519    2.5392705   0.20646926 
        0.52    2.5371966   0.20551233 
       0.521    2.5351331   0.20456908 
       0.522    2.5330799   0.20363936 
       0.523     2.531037   0.20272326 
       0.524    2.5290041   0.20182035 
       0.525    2.5269811   0.20093048 
       0.526     2.524968    0.2000537 
       0.527    2.5229645   0.19918958 
       0.528    2.5209705   0.19833818 
       0.529     2.518986    0.1974993 
        0.53    2.5170106   0.19667258 
       0.531    2.5150445   0.19585824 
       0.532    2.5130873   0.19505572 
       0.533    2.5111392   0.19426528 
       0.534    2.5091997   0.19348638 
       0.535    2.5072689    0.1927192 
       0.536    2.5053466   0.19196334 
       0.537    2.5034328   0.19121882 
       0.538    2.5015272   0.19048544 
       0.539    2.4996299   0.18976306 
        0.54    2.4977406   0.18905158 
       0.541    2.4958593   0.18835079 
       0.542    2.4939859   0.18766063 
       0.543    2.4921202   0.18698094 
       0.544    2.4902621   0.18631154 
       0.545    2.4884115   0.18565241 
       0.546    2.4865684   0.18500326 
       0.547    2.4847326    0.1843642 
       0.548     2.482904   0.18373479 
       0.549    2.4810825   0.18311526 
        0.55    2.4792681   0.18250518 
       0.551    2.4774605   0.18190459 
       0.552    2.4756598   0.18131337 
       0.553    2.4738657   0.18073125 
       0.554    2.4720784   0.18015839 
       0.555    2.4702975   0.17959439 
       0.556    2.4685233   0.17903949 
       0.557    2.4667552   0.17849316 
       0.558    2.4649932   0.17795534 
       0.559    2.4632375   0.17742614 
        0.56    2.4614879   0.17690544 
       0.561    2.4597444   0.17639303 
       0.562    2.4580066    0.1758888 
       0.563    2.4562747   0.17539263 
       0.564    2.4545484   0.17490438 
       0.565    2.4528277   0.17442402 
       0.566    2.4511128   0.17395161 
       0.567    2.4494034   0.17348691 
       0.568    2.4476992   0.17302969 
       0.569    2.4460004   0.17257995 
        0.57    2.4443067   0.17213757 
       0.571    2.4426182   0.17170244 
       0.572    2.4409349   0.17127453 
       0.573    2.4392565   0.17085382 
       0.574    2.4375832   0.17044012 
       0.575    2.4359146   0.17003329 
       0.576    2.4342508   0.16963324 
       0.577    2.4325917   0.16923989 
       0.578    2.4309372   0.16885323 
       0.579    2.4292873   0.16847311 
        0.58    2.4276419   0.16809945 
       0.581    2.4260009   0.16773217 
       0.582    2.4243643   0.16737119 
       0.583    2.4227319   0.16701641 
       0.584    2.4211038   0.16666778 
       0.585    2.4194799   0.16632516 
       0.586      2.41786   0.16598848 
       0.587    2.4162441   0.16565767 
       0.588    2.4146322   0.16533264 
       0.589    2.4130241   0.16501334 
        0.59      2.41142   0.16469973 
       0.591    2.4098196   0.16439167 
       0.592     2.408223   0.16408909 
       0.593      2.40663   0.16379193 
       0.594    2.4050406   0.16350011 
       0.595    2.4034547   0.16321356 
       0.596    2.4018724   0.16293219 
       0.597    2.4002934   0.16265593 
       0.598    2.3987178   0.16238469 
       0.599    2.3971455   0.16211844 
         0.6    2.3955765    0.1618571 
       0.601    2.3940106   0.16160058 
       0.602    2.3924479   0.16134884 
       0.603    2.3908884    0.1611018 
       0.604    2.3893318   0.16085939 
       0.605    2.3877783   0.16062154 
       0.606    2.3862277   0.16038822 
       0.607      2.38468    0.1601593 
       0.608    2.3831351   0.15993476 
       0.609     2.381593   0.15971454 
        0.61    2.3800537   0.15949858 
       0.611    2.3785171   0.15928687 
       0.612    2.3769831   0.15907926 
       0.613    2.3754518   0.15887571 
       0.614     2.373923   0.15867617 
       0.615    2.3723967   0.15848057 
       0.616    2.3708729   0.15828884 
       0.617    2.3693515   0.15810095 
       0.618    2.3678324   0.15791682 
       0.619    2.3663158   0.15773649 
        0.62    2.3648014   0.15755983 
       0.621    2.3632893   0.15738676 
       0.622    2.3617794   0.15721724 
       0.623    2.3602717   0.15705122 
       0.624     2.358766   0.15688863 
       0.625    2.3572625   0.15672948 
       0.626    2.3557611   0.15657369 
       0.627    2.3542616    0.1564212 
       0.628    2.3527642   0.15627195 
       0.629    2.3512686    0.1561259 
        0.63     2.349775     0.155983 
       0.631    2.3482832   0.15584322 
       0.632    2.3467933   0.15570647 
       0.633    2.3453051   0.15557273 
       0.634    2.3438187   0.15544196 
       0.635    2.3423341    0.1553141 
       0.636    2.3408511    0.1551891 
       0.637    2.3393697   0.15506695 
       0.638      2.33789   0.15494755 
       0.639    2.3364118   0.15483086 
        0.64    2.3349353   0.15471692 
       0.641    2.3334602   0.15460565 
       0.642    2.3319867   0.15449695 
       0.643    2.3305145   0.15439082 
       0.644    2.3290439   0.15428723 
       0.645    2.3275746    0.1541861 
       0.646    2.3261067   0.15408743 
       0.647    2.3246401   0.15399114 
       0.648    2.3231748   0.15389721 
       0.649    2.3217108   0.15380563 
        0.65     2.320248    0.1537163 
       0.651    2.3187864   0.15362923 
       0.652    2.3173261   0.15354443 
       0.653    2.3158669   0.15346176 
       0.654    2.3144089   0.15338124 
       0.655     2.312952    0.1533028 
       0.656    2.3114961   0.15322643 
       0.657    2.3100413   0.15315207 
       0.658    2.3085876   0.15307974 
       0.659    2.3071348   0.15300936 
        0.66    2.3056831    0.1529409 
       0.661    2.3042323   0.15287436 
       0.662    2.3027824   0.15280966 
       0.663    2.3013335   0.15274678 
       0.664    2.2998854   0.15268569 
       0.665    2.2984382   0.15262637 
       0.666    2.2969918   0.15256878 
       0.667    2.2955463   0.15251292 
       0.668    2.2941016   0.15245872 
       0.669    2.2926576   0.15240614 
        0.67    2.2912144   0.15235516 
       0.671    2.2897719   0.15230576 
       0.672    2.2883301   0.15225795 
       0.673     2.286889   0.15221165 
       0.674    2.2854486   0.15216683 
       0.675    2.2840088   0.15212348 
       0.676    2.2825697   0.15208154 
       0.677    2.2811311   0.15204106 
       0.678    2.2796932   0.15200195 
       0.679    2.2782558   0.15196418 
        0.68     2.276819   0.15192774 
       0.681    2.2753827   0.15189261 
       0.682     2.273947   0.15185876 
       0.683    2.2725117   0.15182618 
       0.684    2.2710769   0.15179481 
       0.685    2.2696426   0.15176463 
       0.686    2.2682087   0.15173565 
       0.687    2.2667753   0.15170783 
       0.688    2.2653422   0.15168113 
       0.689    2.2639096   0.15165554 
        0.69    2.2624773   0.15163103 
       0.691    2.2610454   0.15160758 
       0.692    2.2596139   0.15158519 
       0.693    2.2581827    0.1515638 
       0.694    2.2567518    0.1515434 
       0.695    2.2553212   0.15152398 
       0.696    2.2538909   0.15150553 
       0.697    2.2524609   0.15148798 
       0.698    2.2510311   0.15147136 
       0.699    2.2496016   0.15145563 
         0.7    2.2481723   0.15144077 
       0.701    2.2467432   0.15142674 
       0.702    2.2453143   0.15141355 
       0.703    2.2438857   0.15140119 
       0.704    2.2424572    0.1513896 
       0.705    2.2410288   0.15137879 
       0.706    2.2396007   0.15136873 
       0.707    2.2381726   0.15135941 
       0.708    2.2367447    0.1513508 
       0.709    2.2353169   0.15134289 
        0.71    2.2338893   0.15133567 
       0.711    2.2324617   0.15132911 
       0.712    2.2310342   0.15132319 
       0.713    2.2296068   0.15131791 
       0.714    2.2281794   0.15131323 
       0.715    2.2267521   0.15130915 
       0.716    2.2253248   0.15130566 
       0.717    2.2238976   0.15130272 
       0.718    2.2224703   0.15130033 
       0.719    2.2210431   0.15129848 
        0.72    2.2196159   0.15129715 
       0.721    2.2181887    0.1512963 
       0.722    2.2167614   0.15129596 
       0.723    2.2153341   0.15129608 
       0.724    2.2139068   0.15129666 
       0.725    2.2124795   0.15129769 
       0.726     2.211052   0.15129914 
       0.727    2.2096246     0.151301 
       0.728     2.208197   0.15130327 
       0.729    2.2067694   0.15130592 
        0.73    2.2053417   0.15130895 
       0.731    2.2039138   0.15131234 
       0.732    2.2024859   0.15131607 
       0.733    2.2010579   0.15132015 
       0.734    2.1996297   0.15132454 
       0.735    2.1982014   0.15132923 
       0.736     2.196773   0.15133424 
       0.737    2.1953445   0.15133952 
       0.738    2.1939157   0.15134508 
       0.739    2.1924869    0.1513509 
        0.74    2.1910578   0.15135696 
       0.741    2.1896287   0.15136327 
       0.742    2.1881993    0.1513698 
       0.743    2.1867697   0.15137655 
       0.744      2.18534    0.1513835 
       0.745    2.1839101   0.15139064 
       0.746    2.1824799   0.15139797 
       0.747    2.1810496   0.15140547 
       0.748     2.179619   0.15141314 
       0.749    2.1781883   0.15142095 
        0.75    2.1767573    0.1514289 
       0.751    2.1753261     0.151437 
       0.752    2.1738946    0.1514452 
       0.753     2.172463   0.15145353 
       0.754     2.171031   0.15146196 
       0.755    2.1695989   0.15147048 
       0.756    2.1681665   0.15147908 
       0.757    2.1667338   0.15148776 
       0.758    2.1653009   0.15149651 
       0.759    2.1638677   0.15150531 
        0.76    2.1624342   0.15151417 
       0.761    2.1610005   0.15152306 
       0.762    2.1595665   0.15153199 
       0.763    2.1581322   0.15154093 
       0.764    2.1566976    0.1515499 
       0.765    2.1552628   0.15155888 
       0.766    2.1538276   0.15156785 
       0.767    2.1523922   0.15157681 
       0.768    2.1509565   0.15158576 
       0.769    2.1495204   0.15159468 
        0.77    2.1480841   0.15160358 
       0.771    2.1466475   0.15161243 
       0.772    2.1452105   0.15162125 
       0.773    2.1437733   0.15163001 
       0.774    2.1423357   0.15163871 
       0.775    2.1408978   0.15164734 
       0.776    2.1394596    0.1516559 
       0.777    2.1380211   0.15166438 
       0.778    2.1365823   0.15167277 
       0.779    2.1351431   0.15168107 
        0.78    2.1337036   0.15168927 
       0.781    2.1322638   0.15169736 
       0.782    2.1308237   0.15170535 
       0.783    2.1293832   0.15171321 
       0.784    2.1279424   0.15172096 
       0.785    2.1265012   0.15172857 
       0.786    2.1250598   0.15173604 
       0.787    2.1236179   0.15174338 
       0.788    2.1221758   0.15175056 
       0.789    2.1207333    0.1517576 
        0.79    2.1192905   0.15176448 
       0.791    2.1178473   0.15177121 
       0.792    2.1164038   0.15177776 
       0.793    2.1149599   0.15178412 
       0.794    2.1135157   0.15179031 
       0.795    2.1120711   0.15179634 
       0.796    2.1106262   0.15180215 
       0.797     2.109181   0.15180777 
       0.798    2.1077354   0.15181321 
       0.799    2.1062895   0.15181844 
         0.8    2.1048432   0.15182345 
       0.801    2.1033966   0.15182826 
       0.802    2.1019496   0.15183286 
       0.803    2.1005023   0.15183723 
       0.804    2.0990546   0.15184136 
       0.805    2.0976066   0.15184529 
       0.806    2.0961582   0.15184897 
       0.807    2.0947095   0.15185241 
       0.808    2.0932605   0.15185562 
       0.809    2.0918111   0.15185858 
        0.81    2.0903613   0.15186128 
       0.811    2.0889113   0.15186374 
       0.812    2.0874608   0.15186594 
       0.813    2.0860101   0.15186787 
       0.814    2.0845589   0.15186954 
       0.815    2.0831075   0.15187095 
       0.816    2.0816557   0.15187208 
       0.817    2.0802036   0.15187293 
       0.818    2.0787511   0.15187352 
       0.819    2.0772983   0.15187381 
        0.82    2.0758451   0.15187382 
       0.821    2.0743917   0.15187356 
       0.822    2.0729379   0.15187299 
       0.823    2.0714837   0.15187212 
       0.824    2.0700293   0.15187097 
       0.825    2.0685745   0.15186951 
       0.826    2.0671193   0.15186775 
       0.827    2.0656639   0.15186569 
       0.828    2.0642081   0.15186331 
       0.829     2.062752   0.15186062 
        0.83    2.0612956   0.15185762 
       0.831    2.0598389    0.1518543 
       0.832    2.0583818   0.15185066 
       0.833    2.0569245    0.1518467 
       0.834    2.0554668   0.15184241 
       0.835    2.0540088    0.1518378 
       0.836    2.0525505   0.15183286 
       0.837     2.051092   0.15182758 
       0.838    2.0496331   0.15182198 
       0.839    2.0481739   0.15181603 
        0.84    2.0467144   0.15180974 
       0.841    2.0452546   0.15180312 
       0.842    2.0437945   0.15179616 
       0.843    2.0423342   0.15178884 
       0.844    2.0408735   0.15178118 
       0.845    2.0394126   0.15177317 
       0.846    2.0379513   0.15176481 
       0.847    2.0364898    0.1517561 
       0.848    2.0350281   0.15174703 
       0.849     2.033566    0.1517376 
        0.85    2.0321037   0.15172782 
       0.851    2.0306411   0.15171767 
       0.852    2.0291783   0.15170717 
       0.853    2.0277152   0.15169629 
       0.854    2.0262518   0.15168506 
       0.855    2.0247882   0.15167346 
       0.856    2.0233243   0.15166148 
       0.857    2.0218602   0.15164914 
       0.858    2.0203959   0.15163642 
       0.859    2.0189313   0.15162333 
        0.86    2.0174664   0.15160987 
       0.861    2.0160014   0.15159603 
       0.862    2.0145361   0.15158181 
       0.863    2.0130706   0.15156722 
       0.864    2.0116048   0.15155224 
       0.865    2.0101389   0.15153688 
       0.866    2.0086727   0.15152114 
       0.867    2.0072063   0.15150501 
       0.868    2.0057397    0.1514885 
       0.869    2.0042729    0.1514716 
        0.87    2.0028059   0.15145432 
       0.871    2.0013387   0.15143664 
       0.872    1.9998713   0.15141858 
       0.873    1.9984038   0.15140012 
       0.874     1.996936   0.15138127 
       0.875    1.9954681   0.15136203 
       0.876        1.994    0.1513424 
       0.877    1.9925317   0.15132237 
       0.878    1.9910633   0.15130194 
       0.879    1.9895947   0.15128112 
        0.88     1.988126    0.1512599 
       0.881    1.9866571   0.15123828 
       0.882     1.985188   0.15121627 
       0.883    1.9837188   0.15119385 
       0.884    1.9822495   0.15117103 
       0.885      1.98078   0.15114781 
       0.886    1.9793105   0.15112419 
       0.887    1.9778407   0.15110016 
       0.888    1.9763709   0.15107573 
       0.889     1.974901    0.1510509 
        0.89    1.9734309   0.15102566 
       0.891    1.9719607   0.15100001 
       0.892    1.9704905   0.15097396 
       0.893    1.9690201    0.1509475 
       0.894    1.9675497   0.15092064 
       0.895    1.9660791   0.15089336 
       0.896    1.9646085   0.15086568 
       0.897    1.9631379   0.15083759 
       0.898    1.9616671   0.15080909 
       0.899    1.9601963   0.15078018 
         0.9    1.9587254   0.15075086 
       0.901    1.9572545   0.15072113 
       0.902    1.9557835   0.15069099 
       0.903    1.9543125   0.15066044 
       0.904    1.9528414   0.15062947 
       0.905    1.9513703   0.15059809 
       0.906    1.9498992    0.1505663 
       0.907    1.9484281    0.1505341 
       0.908    1.9469569   0.15050148 
       0.909    1.9454858   0.15046845 
        0.91    1.9440146   0.15043501 
       0.911    1.9425434   0.15040115 
       0.912    1.9410723   0.15036688 
       0.913    1.9396011    0.1503322 
       0.914      1.93813   0.15029709 
       0.915    1.9366589   0.15026158 
       0.916    1.9351878   0.15022565 
       0.917    1.9337167   0.15018931 
       0.918    1.9322457   0.15015254 
       0.919    1.9307748   0.15011537 
        0.92    1.9293039   0.15007778 
       0.921     1.927833   0.15003977 
       0.922    1.9263623   0.15000135 
       0.923    1.9248915   0.14996251 
       0.924    1.9234209   0.14992326 
       0.925    1.9219504   0.14988359 
       0.926    1.9204799   0.14984351 
       0.927    1.9190095   0.14980301 
       0.928    1.9175393   0.14976209 
       0.929    1.9160691   0.14972076 
        0.93    1.9145991   0.14967901 
       0.931    1.9131291   0.14963685 
       0.932    1.9116593   0.14959427 
       0.933    1.9101897   0.14955128 
       0.934    1.9087201   0.14950787 
       0.935    1.9072508   0.14946404 
       0.936    1.9057815    0.1494198 
       0.937    1.9043124   0.14937515 
       0.938    1.9028435   0.14933008 
       0.939    1.9013748   0.14928459 
        0.94    1.8999062   0.14923869 
       0.941    1.8984378   0.14919238 
       0.942    1.8969696   0.14914565 
       0.943    1.8955016   0.14909851 
       0.944    1.8940338   0.14905095 
       0.945    1.8925663   0.14900298 
       0.946    1.8910989    0.1489546 
       0.947    1.8896317    0.1489058 
       0.948    1.8881648   0.14885659 
       0.949    1.8866981   0.14880697 
        0.95    1.8852317   0.14875693 
       0.951    1.8837655   0.14870648 
       0.952    1.8822995   0.14865562 
       0.953    1.8808339   0.14860435 
       0.954    1.8793685   0.14855267 
       0.955    1.8779033   0.14850057 
       0.956    1.8764385   0.14844807 
       0.957    1.8749739   0.14839515 
       0.958    1.8735097   0.14834182 
       0.959    1.8720457   0.14828809 
        0.96     1.870582   0.14823394 
       0.961    1.8691187   0.14817938 
       0.962    1.8676557   0.14812442 
       0.963     1.866193   0.14806905 
       0.964    1.8647307   0.14801327 
       0.965    1.8632687   0.14795708 
       0.966     1.861807   0.14790048 
       0.967    1.8603458   0.14784348 
       0.968    1.8588848   0.14778607 
       0.969    1.8574243   0.14772825 
        0.97    1.8559641   0.14767003 
       0.971    1.8545043    0.1476114 
       0.972    1.8530449   0.14755237 
       0.973     1.851586   0.14749293 
       0.974    1.8501274   0.14743309 
       0.975    1.8486692   0.14737285 
       0.976    1.8472115    0.1473122 
       0.977    1.8457542   0.14725116 
       0.978    1.8442973    0.1471897 
       0.979    1.8428409   0.14712785 
        0.98    1.8413849    0.1470656 
       0.981    1.8399294   0.14700294 
       0.982    1.8384743   0.14693989 
       0.983    1.8370197   0.14687643 
       0.984    1.8355656   0.14681258 
       0.985     1.834112   0.14674833 
       0.986    1.8326589   0.14668368 
       0.987    1.8312063   0.14661863 
       0.988    1.8297542   0.14655319 
       0.989    1.8283026   0.14648735 
        0.99    1.8268487   0.14640759 
       0.991    1.8253983    0.1463413 
       0.992    1.8239484   0.14627461 
       0.993    1.8224991   0.14620751 
       0.994    1.8210503   0.14614002 
       0.995    1.8196021   0.14607212 
       0.996    1.8181545   0.14600383 
       0.997    1.8167074   0.14593514 
       0.998    1.8152609   0.14586604 
       0.999     1.813815   0.14579656 
           1    1.8123696   0.14572667 