           0    3069596.6 7.8217177e+10 
       0.001    2625682.2 7.351248e+10 
       0.002    2139490.2 6.5228807e+10 
       0.003    1611020.6 5.3040796e+10 
       0.004    1040273.5 3.6623088e+10 
       0.005    427248.83 1.5650319e+10 
       0.006    20029.246    250833.82 
       0.007     18613.65    239588.91 
       0.008    17112.261    223449.08 
       0.009    15525.078     202126.4 
        0.01    13852.101    175332.94 
       0.011    12093.331    142780.75 
       0.012    10248.767    104181.91 
       0.013    9439.2016    94575.831 
       0.014    8721.8135    87272.712 
       0.015    7973.8983    78512.344 
       0.016    7195.4559     68234.01 
       0.017    6386.4863     56376.99 
       0.018    5936.7679    52092.804 
       0.019     5499.331    47814.411 
        0.02    5046.5455    42889.823 
       0.021    4578.4112    37296.758 
       0.022    4242.8587    33980.934 
       0.023    3947.9215    31295.492 
       0.024    3643.9094    28264.141 
       0.025    3337.0858    24986.856 
       0.026    3127.2561    23272.997 
       0.027    2911.5157    21353.973 
       0.028    2689.8647    19224.088 
       0.029    2512.5447    17707.042 
        0.03     2350.256    16364.847 
       0.031    2183.8587    14886.229 
       0.032     2043.771    13735.334 
       0.033     1916.547     12730.55 
       0.034    1786.3295    11631.756 
       0.035    1679.2743    10816.827 
       0.036    1576.4253    10027.347 
       0.037    1474.1325    9208.2572 
       0.038    1390.7447    8615.2773 
       0.039    1305.6014    7972.4721 
        0.04    1229.1574    7415.8521 
       0.041    1158.7222    6916.6275 
       0.042    1089.2508    6408.3568 
       0.043    1029.9724     6009.324 
       0.044    969.56496    5580.4472 
       0.045    917.50935    5236.5153 
       0.046     865.9733    4886.2313 
       0.047    819.25641     4579.136 
       0.048     774.7526    4287.3045 
       0.049    733.24618    4018.6988 
        0.05    694.41474    3771.4453 
       0.051    657.73425    3539.0298 
       0.052    623.54754    3326.5195 
       0.053    591.21937    3126.5621 
       0.054    560.88607     2941.648 
       0.055     532.4166    2771.9257 
       0.056    505.29804     2612.591 
       0.057    480.15523    2472.4217 
       0.058    455.66442    2336.5746 
       0.059    433.33638    2220.8689 
        0.06    411.29368    2105.1457 
       0.061    391.09432    2005.3344 
       0.062    371.42259    1907.8293 
       0.063     352.7675    1817.6495 
       0.064    335.14751    1734.4836 
       0.065    317.92749    1652.7912 
       0.066    302.01361    1580.3569 
       0.067    286.53024    1509.5156 
       0.068    271.65324    1441.9119 
       0.069    257.70948    1380.0003 
        0.07    244.13663    1319.3284 
       0.071    231.19672    1261.9891 
       0.072    218.94952    1208.3081 
       0.073    207.06777    1155.8887 
       0.074    195.71621    1105.9661 
       0.075    184.98489    1059.1012 
       0.076    174.59926    1013.3871 
       0.077    164.58105    969.02122 
       0.078    155.20244    927.78963 
       0.079    146.14488     887.5642 
        0.08    137.41788    848.44354 
       0.081    129.09906    810.93295 
       0.082     121.2262    775.24312 
       0.083    113.65455     740.4808 
       0.084    106.38635    706.67949 
       0.085     99.44891    674.01265 
       0.086    92.913214    642.88745 
       0.087    86.652917    612.56435 
       0.088    80.667096    583.05121 
       0.089    74.953516    554.34515 
        0.09    69.533209    526.56903 
       0.091    64.432209    499.86245 
       0.092    59.578415    473.83238 
       0.093    54.968842    448.47091 
       0.094    50.599954    423.76598 
       0.095    46.467804     399.7026 
       0.096    42.568152    376.26373 
       0.097    38.935332    353.62787 
       0.098     35.52264    331.55721 
       0.099    32.322412    310.01829 
         0.1    29.330799    288.99692 
       0.101    26.543845     268.4782 
       0.102    23.957534    248.44682 
       0.103    21.567825    228.88727 
       0.104    19.370679    209.78405 
       0.105    17.362083    191.12181 
       0.106    15.538068    172.88546 
       0.107    13.894721    155.06024 
       0.108    12.428195    137.63177 
       0.109    11.136765    120.59541 
        0.11    10.016384    103.93583 
       0.111    8.9988925    99.655055 
       0.112    8.0212964    95.921842 
       0.113    7.0802416    92.312606 
       0.114    6.1745213    88.823466 
       0.115    5.3029583    85.450608 
       0.116    4.4648425    82.192582 
       0.117    3.6594038    79.047537 
       0.118    2.8849235    76.008595 
       0.119    2.1403197    73.072145 
        0.12    1.4245456    70.234686 
       0.121   0.73658841    67.492834 
       0.122  0.075469379    64.843316 
       0.123  -0.55975755    62.282966 
       0.124   -1.1700063    59.808731 
       0.125   -1.7561593     57.41766 
       0.126   -2.3190688    55.106905 
       0.127   -2.8595572    52.873718 
       0.128   -3.3784182    50.715449 
       0.129   -3.8742024     48.64095 
        0.13   -4.3496481    46.637466 
       0.131   -4.8057669    44.701106 
       0.132   -5.2432416    42.829577 
       0.133   -5.6627314    41.020669 
       0.134   -6.0648883    39.272241 
       0.135   -6.4489958    37.589045 
       0.136   -6.8158507    35.968077 
       0.137   -7.1672624    34.401138 
       0.138   -7.5037746     32.88641 
       0.139    -7.825912    31.422139 
        0.14   -8.1327468    30.014071 
       0.141   -8.4253727    28.657504 
       0.142   -8.7052084    27.345979 
       0.143   -8.9727179    26.077993 
       0.144   -9.2273366    24.857264 
       0.145   -9.4693343    23.683166 
       0.146   -9.7003753    22.547931 
       0.147   -9.9208514    21.450285 
       0.148    -10.12953    20.397248 
       0.149   -10.328018    19.381257 
        0.15   -10.517123    18.398835 
       0.151   -10.696289    17.453447 
       0.152   -10.865766    16.544455 
       0.153   -11.026912    15.665457 
       0.154   -11.179299    14.819209 
       0.155   -11.322949    14.006182 
       0.156   -11.459206    13.219973 
       0.157   -11.587417    12.464464 
       0.158   -11.708101    11.737492 
       0.159   -11.822223    11.034519 
        0.16   -11.928702    10.361671 
       0.161   -12.028977    9.7118811 
       0.162   -12.122937    9.0861965 
       0.163   -12.210444    8.4857745 
       0.164   -12.292599    7.9052263 
       0.165     -12.3684    7.3502957 
       0.166   -12.439221    6.8140671 
       0.167   -12.504539    6.2997444 
       0.168   -12.564926    5.8046405 
       0.169   -12.620469    5.3286536 
        0.17   -12.671254    4.8717084 
       0.171    -12.71771    4.4318151 
       0.172   -12.759662    4.0102761 
       0.173   -12.797687    3.6042943 
       0.174   -12.831524    3.2156035 
       0.175    -12.86174    2.8414271 
       0.176   -12.888127    2.4832139 
       0.177   -12.911125    2.1388214 
       0.178   -12.930676    1.8088891 
       0.179   -12.947018    1.4923472 
        0.18   -12.960297    1.1886644 
       0.181    -12.97051   0.89813877 
       0.182   -12.978042   0.61881986 
       0.183   -12.982622   0.35257228 
       0.184   -12.984775  0.096574215 
       0.185   -12.984302   0.14773863 
       0.186   -12.981484   0.38175888 
       0.187   -12.976436   0.60595841 
       0.188   -12.969069   0.81951812 
       0.189   -12.959721    1.0242789 
        0.19   -12.948325    1.2195641 
       0.191   -12.934996      1.40589 
       0.192   -12.919919    1.5841929 
       0.193   -12.903027      1.75375 
       0.194   -12.884492     1.915488 
       0.195   -12.864429    2.0699482 
       0.196   -12.842794    2.2166102 
       0.197   -12.819732    2.3562103 
       0.198   -12.795353      2.48924 
       0.199   -12.769653    2.6155326 
         0.2   -12.742693    2.7352563 
       0.201   -12.714589    2.8490582 
       0.202   -12.685402    2.9571165 
       0.203    -12.65512    3.0591368 
       0.204   -12.623848    3.1557349 
       0.205    -12.59165     3.247181 
       0.206   -12.558572    3.3336372 
       0.207   -12.524632    3.4149685 
       0.208   -12.489901    3.4915877 
       0.209   -12.454432    3.5637491 
        0.21   -12.418266    3.6316027 
       0.211   -12.381449     3.695297 
       0.212   -12.343996    3.7547325 
       0.213   -12.305969    3.8103266 
       0.214   -12.267406    3.8622188 
       0.215   -12.228345    3.9105426 
       0.216    -12.18882    3.9554265 
       0.217   -12.148862    3.9969957 
       0.218   -12.108494    4.0352515 
       0.219   -12.067757    4.0704467 
        0.22   -12.026688    4.1027087 
       0.221   -11.985308    4.1321461 
       0.222   -11.943646     4.158866 
       0.223   -11.901727    4.1829749 
       0.224   -11.859581    4.2045754 
       0.225    -11.81723     4.223766 
       0.226   -11.774695    4.2406418 
       0.227   -11.732001    4.2552966 
       0.228   -11.689172    4.2678008 
       0.229   -11.646228    4.2782634 
        0.23   -11.603186    4.2867733 
       0.231   -11.560066    4.2934125 
       0.232    -11.51689    4.2982611 
       0.233   -11.473673     4.301393 
       0.234    -11.43043    4.3028818 
       0.235   -11.387178    4.3027974 
       0.236   -11.343934    4.3012098 
       0.237   -11.300713    4.2981856 
       0.238   -11.257526    4.2937862 
       0.239   -11.214388    4.2880744 
        0.24   -11.171313    4.2811101 
       0.241   -11.128313    4.2729508 
       0.242     -11.0854    4.2636416 
       0.243   -11.042583    4.2532422 
       0.244   -10.999877    4.2418093 
       0.245   -10.957289    4.2293908 
       0.246   -10.914827     4.216034 
       0.247   -10.872501    4.2017852 
       0.248   -10.830322    4.1866898 
       0.249   -10.788295    4.1707893 
        0.25   -10.746426    4.1541239 
       0.251   -10.704726    4.1367347 
       0.252    -10.66321    4.1186541 
       0.253   -10.621876    4.0999221 
       0.254   -10.580731     4.080577 
       0.255   -10.539779    4.0606529 
       0.256   -10.499026    4.0401824 
       0.257   -10.458476     4.019196 
       0.258   -10.418142    3.9977219 
       0.259   -10.378029    3.9757932 
        0.26   -10.338133     3.953437 
       0.261   -10.298457    3.9306796 
       0.262   -10.259005    3.9075467 
       0.263   -10.219798     3.884067 
       0.264   -10.180823     3.860262 
       0.265   -10.142082    3.8361535 
       0.266   -10.103579    3.8117639 
       0.267   -10.065329    3.7871206 
       0.268   -10.027325    3.7622394 
       0.269   -9.9895635    3.7371373 
        0.27   -9.9520518    3.7118361 
       0.271   -9.9148041    3.6863615 
       0.272   -9.8778027    3.6607193 
       0.273   -9.8410561    3.6349295 
       0.274   -9.8045749    3.6090167 
       0.275    -9.768348    3.5829868 
       0.276    -9.732374    3.5568518 
       0.277    -9.696672    3.5306418 
       0.278    -9.661227    3.5043567 
       0.279   -9.6260365    3.4780065 
        0.28   -9.5911228    3.4516244 
       0.281   -9.5564628    3.4251999 
       0.282   -9.5220666    3.3987541 
       0.283   -9.4879393     3.372303 
       0.284   -9.4540655     3.345841 
       0.285   -9.4204672    3.3194019 
       0.286   -9.3871241    3.2929738 
       0.287   -9.3540478    3.2665775 
       0.288    -9.321235    3.2402203 
       0.289   -9.2886776    3.2139017 
        0.29   -9.2563943    3.1876493 
       0.291   -9.2243587    3.1614439 
       0.292   -9.1925979    3.1353243 
       0.293   -9.1610857     3.109266 
       0.294   -9.1298428    3.0833039 
       0.295    -9.098848    3.0574174 
       0.296   -9.0681206    3.0316391 
       0.297    -9.037639    3.0059477 
       0.298    -9.007424    2.9803769 
       0.299   -8.9774508    2.9549013 
         0.3   -8.9477457    2.9295601 
       0.301     -8.91828     2.904324 
       0.302   -8.8890756    2.8792262 
       0.303    -8.860114    2.8542487 
       0.304   -8.8314042    2.8294092 
       0.305   -8.8029404    2.8047058 
       0.306   -8.7747178     2.780137 
       0.307   -8.7467477     2.755723 
       0.308   -8.7190111    2.7314439 
       0.309   -8.6915251    2.7073254 
        0.31    -8.664275    2.6833551 
       0.311   -8.6372594    2.6595339 
       0.312   -8.6104884     2.635882 
       0.313    -8.583947    2.6123814 
       0.314   -8.5576381    2.5890417 
       0.315   -8.5315676    2.5658733 
       0.316   -8.5057217    2.5428627 
       0.317   -8.4801059    2.5200204 
       0.318   -8.4547203    2.4973519 
       0.319   -8.4295562    2.4748473 
        0.32   -8.4046135    2.4525112 
       0.321   -8.3799006    2.4303574 
       0.322    -8.355404    2.4083714 
       0.323   -8.3311233    2.3865551 
       0.324   -8.3070628    2.3649196 
       0.325   -8.2832182    2.3434607 
       0.326   -8.2595843    2.3221741 
       0.327   -8.2361605    2.3010613 
       0.328    -8.212951    2.2801323 
       0.329   -8.1899489    2.2593806 
        0.33   -8.1671517    2.2388039 
       0.331   -8.1445574    2.2184028 
       0.332   -8.1221667    2.1981799 
       0.333   -8.0999803    2.1781411 
       0.334   -8.0779915    2.1582781 
       0.335      -8.0562    2.1385917 
       0.336   -8.0346031    2.1190815 
       0.337   -8.0131994    2.0997475 
       0.338   -7.9919895    2.0805937 
       0.339   -7.9709715     2.061619 
        0.34   -7.9501418    2.0428199 
       0.341   -7.9294988    2.0241962 
       0.342     -7.90904    2.0057471 
       0.343   -7.8887642    1.9874725 
       0.344   -7.8686705    1.9693723 
       0.345   -7.8487569    1.9514459 
       0.346   -7.8290208    1.9336928 
       0.347   -7.8094637    1.9161153 
       0.348   -7.7900815    1.8987094 
       0.349   -7.7708719    1.8814743 
        0.35   -7.7518333     1.864409 
       0.351   -7.7329649    1.8475135 
       0.352   -7.7142648    1.8307867 
       0.353   -7.6957304    1.8142274 
       0.354   -7.6773614    1.7978353 
       0.355   -7.6591553    1.7816091 
       0.356   -7.6411104    1.7655479 
       0.357    -7.623226    1.7496513 
       0.358   -7.6054997    1.7339178 
       0.359   -7.5879298    1.7183464 
        0.36   -7.5705152    1.7029363 
       0.361   -7.5532541    1.6876865 
       0.362   -7.5361444    1.6725955 
       0.363   -7.5191853    1.6576627 
       0.364   -7.5023749    1.6428869 
       0.365   -7.4857116    1.6282668 
       0.366   -7.4691935    1.6138012 
       0.367   -7.4528204    1.5994901 
       0.368   -7.4365906    1.5853333 
       0.369   -7.4205016    1.5713279 
        0.37   -7.4045528     1.557473 
       0.371   -7.3887413    1.5437666 
       0.372   -7.3730665    1.5302081 
       0.373   -7.3575267    1.5167963 
       0.374   -7.3421199    1.5035295 
       0.375   -7.3268459    1.4904074 
       0.376    -7.311704    1.4774315 
       0.377   -7.2966915    1.4645978 
       0.378    -7.281807    1.4519048 
       0.379   -7.2670483    1.4393508 
        0.38    -7.252415    1.4269354 
       0.381   -7.2379055    1.4146576 
       0.382   -7.2235199    1.4025189 
       0.383   -7.2092556     1.390515 
       0.384   -7.1951099    1.3786438 
       0.385   -7.1810826    1.3669048 
       0.386    -7.167174    1.3553001 
       0.387   -7.1533813    1.3438263 
       0.388   -7.1397029     1.332481 
       0.389   -7.1261364    1.3212621 
        0.39   -7.1126851    1.3101742 
       0.391   -7.0993438    1.2992116 
       0.392   -7.0861125    1.2883733 
       0.393   -7.0729881    1.2776574 
       0.394   -7.0599711     1.267066 
       0.395   -7.0470615    1.2565959 
       0.396   -7.0342553     1.246244 
       0.397   -7.0215544     1.236015 
       0.398   -7.0089542    1.2259015 
       0.399   -6.9964561    1.2159045 
         0.4   -6.9840598    1.2060267 
       0.401   -6.9717601    1.1962606 
       0.402   -6.9595585    1.1866079 
       0.403   -6.9474562    1.1770709 
       0.404   -6.9354475    1.1676422 
       0.405   -6.9235335    1.1583251 
       0.406   -6.9117135    1.1491173 
       0.407    -6.899986    1.1400168 
       0.408   -6.8883506    1.1310255 
       0.409   -6.8768035    1.1221372 
        0.41   -6.8653476    1.1133566 
       0.411     -6.85398     1.104679 
       0.412   -6.8426992    1.0961044 
       0.413   -6.8315039    1.0876308 
       0.414   -6.8203944    1.0792583 
       0.415   -6.8093703    1.0709869 
       0.416   -6.7984284    1.0628128 
       0.417   -6.7875687    1.0547371 
       0.418     -6.77679     1.046757 
       0.419   -6.7660935    1.0388747 
        0.42   -6.7554755    1.0310857 
       0.421    -6.744936    1.0233911 
       0.422   -6.7344733    1.0157881 
       0.423   -6.7240888    1.0082783 
       0.424   -6.7137802    1.0008593 
       0.425   -6.7035457   0.99352931 
       0.426   -6.6933853   0.98628891 
       0.427   -6.6832977   0.97913509 
       0.428   -6.6732844   0.97207119 
       0.429   -6.6633412   0.96509148 
        0.43   -6.6534688   0.95819735 
       0.431   -6.6436658   0.95138742 
       0.432   -6.6339319   0.94466009 
       0.433   -6.6242677   0.93801766 
       0.434   -6.6146698   0.93145535 
       0.435   -6.6051378   0.92497304 
       0.436   -6.5956724   0.91857201 
       0.437   -6.5862718   0.91224906 
       0.438   -6.5769357   0.90600459 
       0.439   -6.5676635   0.89983825 
        0.44    -6.558453     0.893747 
       0.441   -6.5493043   0.88773111 
       0.442   -6.5402181   0.88179166 
       0.443   -6.5311923   0.87592556 
       0.444   -6.5222256   0.87013176 
       0.445   -6.5133183    0.8644113 
       0.446   -6.5044691   0.85876193 
       0.447   -6.4956778   0.85318316 
       0.448   -6.4869433     0.847674 
       0.449   -6.4782661   0.84223556 
        0.45   -6.4696438    0.8368647 
       0.451   -6.4610762   0.83156095 
       0.452   -6.4525623   0.82632345 
       0.453   -6.4441035   0.82115369 
       0.454   -6.4356978   0.81604938 
       0.455   -6.4273439   0.81100913 
       0.456   -6.4190417   0.80603258 
       0.457   -6.4107901   0.80111877 
       0.458   -6.4025894   0.79626791 
       0.459   -6.3944391   0.79147941 
        0.46   -6.3863383   0.78675198 
       0.461   -6.3782858   0.78208451 
       0.462   -6.3702813   0.77747658 
       0.463   -6.3623242   0.77292749 
       0.464   -6.3544138   0.76843643 
       0.465   -6.3465503   0.76400361 
       0.466   -6.3387331   0.75962829 
       0.467   -6.3309609   0.75530899 
       0.468   -6.3232336   0.75104542 
       0.469   -6.3155501   0.74683655 
        0.47   -6.3079102   0.74268205 
       0.471   -6.3003134   0.73858126 
       0.472   -6.2927595   0.73453379 
       0.473   -6.2852478   0.73053889 
       0.474   -6.2777777   0.72659599 
       0.475   -6.2703485   0.72270417 
       0.476     -6.26296   0.71886314 
       0.477   -6.2556113   0.71507206 
       0.478   -6.2483025   0.71133066 
       0.479   -6.2410325   0.70763798 
        0.48   -6.2338016   0.70399402 
       0.481   -6.2266089   0.70039783 
       0.482   -6.2194539   0.69684883 
       0.483   -6.2123361   0.69334644 
       0.484   -6.2052551   0.68989022 
       0.485   -6.1982103   0.68647932 
       0.486   -6.1912015   0.68311355 
       0.487   -6.1842281   0.67979214 
       0.488   -6.1772899   0.67651486 
       0.489   -6.1703863   0.67328084 
        0.49   -6.1635171    0.6700899 
       0.491   -6.1566815    0.6669412 
       0.492   -6.1498793   0.66383431 
       0.493   -6.1431101   0.66076895 
       0.494   -6.1363735   0.65774457 
       0.495    -6.129669    0.6547604 
       0.496   -6.1229963   0.65181602 
       0.497    -6.116355   0.64891107 
       0.498   -6.1097446   0.64604493 
       0.499   -6.1031649   0.64321715 
         0.5   -6.0966158   0.64042779 
       0.501   -6.0900965   0.63767591 
       0.502   -6.0836067   0.63496096 
       0.503    -6.077146   0.63228249 
       0.504   -6.0707141      0.62964 
       0.505   -6.0643106    0.6270333 
       0.506   -6.0579354    0.6244621 
       0.507   -6.0515879   0.62192554 
       0.508   -6.0452677   0.61942314 
       0.509   -6.0389746   0.61695465 
        0.51   -6.0327087   0.61452019 
       0.511   -6.0264691   0.61211872 
       0.512   -6.0202555   0.60974967 
       0.513   -6.0140678   0.60741309 
       0.514   -6.0079058   0.60510857 
       0.515   -6.0017688   0.60283531 
       0.516   -5.9956566    0.6005929 
       0.517   -5.9895693   0.59838172 
       0.518   -5.9835061   0.59620063 
       0.519   -5.9774668   0.59404913 
        0.52   -5.9714515   0.59192764 
       0.521   -5.9654594   0.58983507 
       0.522   -5.9594904   0.58777111 
       0.523   -5.9535444   0.58573597 
       0.524    -5.947621   0.58372871 
       0.525   -5.9417198   0.58174897 
       0.526   -5.9358407   0.57979689 
       0.527   -5.9299834    0.5778715 
       0.528   -5.9241476   0.57597296 
       0.529   -5.9183332   0.57410079 
        0.53   -5.9125395   0.57225422 
       0.531    -5.906767   0.57043375 
       0.532   -5.9010146    0.5686381 
       0.533   -5.8952828   0.56686789 
       0.534   -5.8895707   0.56512191 
       0.535   -5.8838787   0.56340052 
       0.536    -5.878206    0.5617029 
       0.537   -5.8725527   0.56002906 
       0.538   -5.8669185   0.55837855 
       0.539   -5.8613031   0.55675109 
        0.54   -5.8557063   0.55514641 
       0.541   -5.8501279   0.55356409 
       0.542   -5.8445678   0.55200398 
       0.543   -5.8390256   0.55046571 
       0.544   -5.8335011   0.54894893 
       0.545   -5.8279943   0.54745353 
       0.546   -5.8225046   0.54597891 
       0.547   -5.8170323   0.54452528 
       0.548   -5.8115767   0.54309171 
       0.549   -5.8061381   0.54167866 
        0.55   -5.8007158   0.54028521 
       0.551   -5.7953099   0.53891144 
       0.552   -5.7899202   0.53755706 
       0.553   -5.7845464   0.53622151 
       0.554   -5.7791885   0.53490513 
       0.555    -5.773846   0.53360703 
       0.556   -5.7685195   0.53232768 
       0.557   -5.7632077     0.531066 
       0.558   -5.7579108   0.52982185 
       0.559   -5.7526289   0.52859543 
        0.56   -5.7473619   0.52738646 
       0.561   -5.7421094   0.52619451 
       0.562   -5.7368712   0.52501932 
       0.563   -5.7316471   0.52386066 
       0.564    -5.726437   0.52271817 
       0.565   -5.7212407   0.52159181 
       0.566   -5.7160585   0.52048168 
       0.567   -5.7108899   0.51938725 
       0.568   -5.7057345   0.51830803 
       0.569   -5.7005923   0.51724405 
        0.57   -5.6954632   0.51619501 
       0.571    -5.690347   0.51516066 
       0.572   -5.6852436   0.51414095 
       0.573   -5.6801531    0.5131358 
       0.574   -5.6750751   0.51214482 
       0.575   -5.6700095    0.5111677 
       0.576    -5.664956   0.51020422 
       0.577   -5.6599145   0.50925424 
       0.578   -5.6548851   0.50831769 
       0.579   -5.6498675   0.50739428 
        0.58   -5.6448617   0.50648382 
       0.581   -5.6398674    0.5055861 
       0.582   -5.6348846   0.50470099 
       0.583   -5.6299131   0.50382823 
       0.584   -5.6249528   0.50296773 
       0.585   -5.6200035   0.50211917 
       0.586   -5.6150652   0.50128243 
       0.587   -5.6101377   0.50045733 
       0.588   -5.6052209   0.49964365 
       0.589   -5.6003147   0.49884131 
        0.59   -5.5954191   0.49805017 
       0.591   -5.5905338   0.49726998 
       0.592   -5.5856588   0.49650057 
       0.593    -5.580794    0.4957418 
       0.594   -5.5759392    0.4949935 
       0.595   -5.5710943    0.4942555 
       0.596   -5.5662593   0.49352763 
       0.597    -5.561434    0.4928097 
       0.598   -5.5566183   0.49210156 
       0.599   -5.5518121   0.49140309 
         0.6   -5.5470153   0.49071414 
       0.601   -5.5422278   0.49003451 
       0.602   -5.5374496   0.48936413 
       0.603   -5.5326806    0.4887028 
       0.604   -5.5279205   0.48805035 
       0.605   -5.5231694   0.48740668 
       0.606   -5.5184272   0.48677166 
       0.607   -5.5136936   0.48614507 
       0.608   -5.5089688   0.48552681 
       0.609   -5.5042526    0.4849168 
        0.61   -5.4995448   0.48431488 
       0.611   -5.4948456   0.48372098 
       0.612   -5.4901547   0.48313486 
       0.613    -5.485472   0.48255639 
       0.614   -5.4807974   0.48198545 
       0.615    -5.476131   0.48142191 
       0.616   -5.4714725   0.48086562 
       0.617   -5.4668219   0.48031648 
       0.618   -5.4621791   0.47977436 
       0.619   -5.4575443   0.47923931 
        0.62   -5.4529171   0.47871107 
       0.621   -5.4482975   0.47818945 
       0.622   -5.4436855   0.47767437 
       0.623   -5.4390809   0.47716573 
       0.624   -5.4344837   0.47666338 
       0.625   -5.4298939   0.47616733 
       0.626   -5.4253113   0.47567739 
       0.627    -5.420736   0.47519345 
       0.628   -5.4161678    0.4747154 
       0.629   -5.4116066   0.47424309 
        0.63   -5.4070525    0.4737765 
       0.631   -5.4025053   0.47331548 
       0.632   -5.3979649   0.47285989 
       0.633   -5.3934314   0.47240968 
       0.634   -5.3889046   0.47196475 
       0.635   -5.3843845   0.47152496 
       0.636    -5.379871   0.47109023 
       0.637   -5.3753641   0.47066051 
       0.638   -5.3708637   0.47023562 
       0.639   -5.3663697   0.46981546 
        0.64   -5.3618821   0.46940009 
       0.641    -5.357401   0.46898935 
       0.642    -5.352926   0.46858306 
       0.643   -5.3484573   0.46818117 
       0.644   -5.3439948   0.46778364 
       0.645   -5.3395385   0.46739032 
       0.646   -5.3350881   0.46700116 
       0.647   -5.3306438   0.46661605 
       0.648   -5.3262055   0.46623488 
       0.649   -5.3217731   0.46585769 
        0.65   -5.3173465   0.46548423 
       0.651   -5.3129257   0.46511453 
       0.652   -5.3085109   0.46474859 
       0.653   -5.3041016   0.46438615 
       0.654   -5.2996981   0.46402724 
       0.655   -5.2953002   0.46367172 
       0.656   -5.2909079   0.46331954 
       0.657   -5.2865211    0.4629706 
       0.658   -5.2821398   0.46262493 
       0.659    -5.277764   0.46228235 
        0.66   -5.2733936   0.46194283 
       0.661   -5.2690286   0.46160632 
       0.662   -5.2646689   0.46127271 
       0.663   -5.2603145   0.46094191 
       0.664   -5.2559653   0.46061389 
       0.665   -5.2516214   0.46028857 
       0.666   -5.2472826   0.45996592 
       0.667    -5.242949   0.45964588 
       0.668   -5.2386204   0.45932834 
       0.669   -5.2342969   0.45901321 
        0.67   -5.2299784   0.45870046 
       0.671   -5.2256648   0.45839002 
       0.672   -5.2213563   0.45808195 
       0.673   -5.2170527   0.45777603 
       0.674   -5.2127539   0.45747224 
       0.675   -5.2084599   0.45717052 
       0.676   -5.2041708   0.45687081 
       0.677   -5.1998864   0.45657315 
       0.678   -5.1956068   0.45627738 
       0.679   -5.1913319   0.45598345 
        0.68   -5.1870616   0.45569132 
       0.681    -5.182796   0.45540095 
       0.682   -5.1785349   0.45511228 
       0.683   -5.1742785   0.45482529 
       0.684   -5.1700266   0.45453986 
       0.685   -5.1657792   0.45425595 
       0.686   -5.1615363   0.45397358 
       0.687   -5.1572979   0.45369265 
       0.688   -5.1530639   0.45341312 
       0.689   -5.1488342   0.45313491 
        0.69    -5.144609   0.45285802 
       0.691    -5.140388   0.45258238 
       0.692   -5.1361715   0.45230797 
       0.693   -5.1319591    0.4520347 
       0.694    -5.127751   0.45176256 
       0.695   -5.1235472   0.45149149 
       0.696   -5.1193476   0.45122147 
       0.697   -5.1151521    0.4509524 
       0.698   -5.1109608   0.45068431 
       0.699   -5.1067736   0.45041713 
         0.7   -5.1025905   0.45015082 
       0.701   -5.0984115    0.4498853 
       0.702   -5.0942366   0.44962058 
       0.703   -5.0900657   0.44935665 
       0.704   -5.0858987   0.44909339 
       0.705   -5.0817358    0.4488308 
       0.706   -5.0775768   0.44856885 
       0.707   -5.0734217   0.44830752 
       0.708   -5.0692706   0.44804671 
       0.709   -5.0651233   0.44778644 
        0.71   -5.0609799   0.44752669 
       0.711   -5.0568404   0.44726737 
       0.712   -5.0527047   0.44700848 
       0.713   -5.0485727   0.44674999 
       0.714   -5.0444446   0.44649185 
       0.715   -5.0403202   0.44623403 
       0.716   -5.0361995   0.44597651 
       0.717   -5.0320826   0.44571924 
       0.718   -5.0279694    0.4454622 
       0.719   -5.0238598   0.44520538 
        0.72   -5.0197539   0.44494872 
       0.721   -5.0156516   0.44469219 
       0.722    -5.011553   0.44443579 
       0.723   -5.0074579   0.44417947 
       0.724   -5.0033664   0.44392319 
       0.725   -4.9992785   0.44366697 
       0.726   -4.9951941   0.44341074 
       0.727   -4.9911133   0.44315447 
       0.728   -4.9870359   0.44289818 
       0.729   -4.9829621   0.44264178 
        0.73   -4.9788917   0.44238529 
       0.731   -4.9748248   0.44212869 
       0.732   -4.9707612   0.44187192 
       0.733   -4.9667012   0.44161499 
       0.734   -4.9626445   0.44135785 
       0.735   -4.9585912   0.44110049 
       0.736   -4.9545412    0.4408429 
       0.737   -4.9504947   0.44058502 
       0.738   -4.9464514   0.44032687 
       0.739   -4.9424115   0.44006842 
        0.74   -4.9383749   0.43980962 
       0.741   -4.9343415   0.43955048 
       0.742   -4.9303114   0.43929095 
       0.743   -4.9262846   0.43903105 
       0.744    -4.922261   0.43877073 
       0.745   -4.9182407   0.43850996 
       0.746   -4.9142235   0.43824877 
       0.747   -4.9102096   0.43798709 
       0.748   -4.9061988   0.43772494 
       0.749   -4.9021912   0.43746228 
        0.75   -4.8981867   0.43719908 
       0.751   -4.8941854   0.43693537 
       0.752   -4.8901872   0.43667108 
       0.753   -4.8861921   0.43640623 
       0.754   -4.8822001   0.43614078 
       0.755   -4.8782112   0.43587474 
       0.756   -4.8742253   0.43560806 
       0.757   -4.8702425   0.43534075 
       0.758   -4.8662627    0.4350728 
       0.759    -4.862286   0.43480417 
        0.76   -4.8583122   0.43453487 
       0.761   -4.8543415   0.43426486 
       0.762   -4.8503737   0.43399417 
       0.763   -4.8464089   0.43372273 
       0.764   -4.8424471   0.43345057 
       0.765   -4.8384882   0.43317766 
       0.766   -4.8345323   0.43290399 
       0.767   -4.8305792   0.43262954 
       0.768   -4.8266291   0.43235431 
       0.769   -4.8226819   0.43207827 
        0.77   -4.8187376   0.43180144 
       0.771   -4.8147961   0.43152378 
       0.772   -4.8108575    0.4312453 
       0.773   -4.8069217   0.43096596 
       0.774   -4.8029888   0.43068578 
       0.775   -4.7990587   0.43040473 
       0.776   -4.7951314   0.43012282 
       0.777   -4.7912069   0.42984001 
       0.778   -4.7872852   0.42955632 
       0.779   -4.7833663   0.42927172 
        0.78   -4.7794501   0.42898622 
       0.781   -4.7755367   0.42869979 
       0.782   -4.7716261   0.42841244 
       0.783   -4.7677181   0.42812414 
       0.784   -4.7638129   0.42783491 
       0.785   -4.7599104   0.42754472 
       0.786   -4.7560106   0.42725357 
       0.787   -4.7521135   0.42696146 
       0.788   -4.7482191   0.42666836 
       0.789   -4.7443274   0.42637429 
        0.79   -4.7404383   0.42607922 
       0.791   -4.7365518   0.42578318 
       0.792    -4.732668   0.42548612 
       0.793   -4.7287868   0.42518803 
       0.794   -4.7249082   0.42488894 
       0.795   -4.7210323   0.42458885 
       0.796   -4.7171589    0.4242877 
       0.797   -4.7132881    0.4239855 
       0.798   -4.7094199   0.42368232 
       0.799   -4.7055543   0.42337807 
         0.8   -4.7016912   0.42307275 
       0.801   -4.6978307    0.4227664 
       0.802   -4.6939727   0.42245901 
       0.803   -4.6901172   0.42215052 
       0.804   -4.6862643   0.42184097 
       0.805   -4.6824139   0.42153038 
       0.806   -4.6785659   0.42121869 
       0.807   -4.6747205   0.42090591 
       0.808   -4.6708775   0.42059209 
       0.809    -4.667037   0.42027716 
        0.81    -4.663199   0.41996112 
       0.811   -4.6593634   0.41964402 
       0.812   -4.6555303   0.41932583 
       0.813   -4.6516996   0.41900651 
       0.814   -4.6478714   0.41868611 
       0.815   -4.6440456   0.41836462 
       0.816   -4.6402221     0.418042 
       0.817   -4.6364011   0.41771828 
       0.818   -4.6325825   0.41739347 
       0.819   -4.6287663   0.41706752 
        0.82   -4.6249524   0.41674047 
       0.821   -4.6211409   0.41641232 
       0.822   -4.6173318   0.41608303 
       0.823    -4.613525   0.41575263 
       0.824   -4.6097206   0.41542113 
       0.825   -4.6059185   0.41508848 
       0.826   -4.6021188   0.41475472 
       0.827   -4.5983213   0.41441986 
       0.828   -4.5945262   0.41408385 
       0.829   -4.5907334   0.41374672 
        0.83   -4.5869429   0.41340849 
       0.831   -4.5831547   0.41306911 
       0.832   -4.5793687   0.41272862 
       0.833   -4.5755851   0.41238701 
       0.834   -4.5718037   0.41204426 
       0.835   -4.5680246    0.4117004 
       0.836   -4.5642477   0.41135541 
       0.837   -4.5604731   0.41100929 
       0.838   -4.5567007   0.41066207 
       0.839   -4.5529306   0.41031372 
        0.84   -4.5491627   0.40996423 
       0.841    -4.545397   0.40961364 
       0.842   -4.5416335   0.40926193 
       0.843   -4.5378722   0.40890909 
       0.844   -4.5341132   0.40855515 
       0.845   -4.5303563   0.40820007 
       0.846   -4.5266016   0.40784389 
       0.847   -4.5228491   0.40748661 
       0.848   -4.5190988   0.40712819 
       0.849   -4.5153506   0.40676869 
        0.85   -4.5116046   0.40640806 
       0.851   -4.5078608   0.40604633 
       0.852   -4.5041191    0.4056835 
       0.853   -4.5003796   0.40531956 
       0.854   -4.4966422   0.40495453 
       0.855   -4.4929069    0.4045884 
       0.856   -4.4891738   0.40422117 
       0.857   -4.4854428   0.40385286 
       0.858   -4.4817139   0.40348345 
       0.859   -4.4779871   0.40311294 
        0.86   -4.4742624   0.40274137 
       0.861   -4.4705398    0.4023687 
       0.862   -4.4668194   0.40199496 
       0.863    -4.463101   0.40162014 
       0.864   -4.4593847   0.40124424 
       0.865   -4.4556705   0.40086728 
       0.866   -4.4519583   0.40048925 
       0.867   -4.4482483   0.40011016 
       0.868   -4.4445403      0.39973 
       0.869   -4.4408344   0.39934879 
        0.87   -4.4371305   0.39896653 
       0.871   -4.4334287   0.39858321 
       0.872   -4.4297289   0.39819885 
       0.873   -4.4260312   0.39781345 
       0.874   -4.4223355   0.39742701 
       0.875   -4.4186419   0.39703954 
       0.876   -4.4149503   0.39665103 
       0.877   -4.4112607    0.3962615 
       0.878   -4.4075732   0.39587094 
       0.879   -4.4038876   0.39547937 
        0.88   -4.4002041   0.39508679 
       0.881   -4.3965226   0.39469319 
       0.882   -4.3928432   0.39429859 
       0.883   -4.3891657   0.39390298 
       0.884   -4.3854903   0.39350639 
       0.885   -4.3818168    0.3931088 
       0.886   -4.3781453   0.39271022 
       0.887   -4.3744759   0.39231066 
       0.888   -4.3708084   0.39191013 
       0.889    -4.367143   0.39150862 
        0.89   -4.3634795   0.39110614 
       0.891    -4.359818   0.39070271 
       0.892   -4.3561585   0.39029831 
       0.893    -4.352501   0.38989296 
       0.894   -4.3488454   0.38948667 
       0.895   -4.3451919   0.38907943 
       0.896   -4.3415403   0.38867125 
       0.897   -4.3378907   0.38826215 
       0.898    -4.334243   0.38785212 
       0.899   -4.3305974   0.38744116 
         0.9   -4.3269537    0.3870293 
       0.901   -4.3233119   0.38661652 
       0.902   -4.3196722   0.38620284 
       0.903   -4.3160344   0.38578826 
       0.904   -4.3123986   0.38537279 
       0.905   -4.3087647   0.38495643 
       0.906   -4.3051328   0.38453919 
       0.907   -4.3015029   0.38412108 
       0.908   -4.2978749   0.38370209 
       0.909   -4.2942489   0.38328225 
        0.91   -4.2906248   0.38286154 
       0.911   -4.2870027   0.38243999 
       0.912   -4.2833826   0.38201759 
       0.913   -4.2797644   0.38159436 
       0.914   -4.2761482   0.38117029 
       0.915   -4.2725339   0.38074539 
       0.916   -4.2689216   0.38031968 
       0.917   -4.2653113   0.37989315 
       0.918   -4.2617029   0.37946582 
       0.919   -4.2580965   0.37903768 
        0.92   -4.2544921   0.37860875 
       0.921   -4.2508896   0.37817904 
       0.922   -4.2472891   0.37774854 
       0.923   -4.2436906   0.37731727 
       0.924    -4.240094   0.37688524 
       0.925   -4.2364994   0.37645244 
       0.926   -4.2329067   0.37601889 
       0.927   -4.2293161   0.37558459 
       0.928   -4.2257274   0.37514955 
       0.929   -4.2221407   0.37471379 
        0.93   -4.2185559   0.37427729 
       0.931   -4.2149732   0.37384007 
       0.932   -4.2113924   0.37340215 
       0.933   -4.2078136   0.37296352 
       0.934   -4.2042368   0.37252418 
       0.935    -4.200662   0.37208416 
       0.936   -4.1970891   0.37164346 
       0.937   -4.1935183   0.37120208 
       0.938   -4.1899495   0.37076002 
       0.939   -4.1863827   0.37031731 
        0.94   -4.1828178   0.36987393 
       0.941    -4.179255   0.36942991 
       0.942   -4.1756942   0.36898524 
       0.943   -4.1721354   0.36853994 
       0.944   -4.1685787   0.36809401 
       0.945    -4.165024   0.36764746 
       0.946   -4.1614713   0.36720029 
       0.947   -4.1579206   0.36675252 
       0.948    -4.154372   0.36630414 
       0.949   -4.1508254   0.36585518 
        0.95   -4.1472809   0.36540562 
       0.951   -4.1437384   0.36495548 
       0.952    -4.140198   0.36450477 
       0.953   -4.1366596   0.36405349 
       0.954   -4.1331233   0.36360166 
       0.955   -4.1295891   0.36314927 
       0.956    -4.126057   0.36269633 
       0.957    -4.122527   0.36224286 
       0.958    -4.118999   0.36178885 
       0.959   -4.1154732   0.36133432 
        0.96   -4.1119495   0.36087927 
       0.961   -4.1084278   0.36042371 
       0.962   -4.1049083   0.35996764 
       0.963    -4.101391   0.35951108 
       0.964   -4.0978757   0.35905402 
       0.965   -4.0943626   0.35859649 
       0.966   -4.0908517   0.35813847 
       0.967   -4.0873428   0.35767998 
       0.968   -4.0838362   0.35722103 
       0.969   -4.0803317   0.35676163 
        0.97   -4.0768294   0.35630177 
       0.971   -4.0733293   0.35584147 
       0.972   -4.0698314   0.35538073 
       0.973   -4.0663356   0.35491956 
       0.974   -4.0628421   0.35445797 
       0.975   -4.0593508   0.35399596 
       0.976   -4.0558617   0.35353355 
       0.977   -4.0523749   0.35307073 
       0.978   -4.0488903   0.35260751 
       0.979   -4.0454079   0.35214391 
        0.98   -4.0419278   0.35167992 
       0.981   -4.0384499   0.35121555 
       0.982   -4.0349743   0.35075082 
       0.983    -4.031501   0.35028572 
       0.984     -4.02803   0.34982027 
       0.985   -4.0245613   0.34935447 
       0.986   -4.0210949   0.34888832 
       0.987   -4.0176308   0.34842184 
       0.988   -4.0141691   0.34795503 
       0.989   -4.0107097   0.34748789 
        0.99   -4.0072352   0.34698218 
       0.991   -4.0037809   0.34651523 
       0.992   -4.0003289   0.34604797 
       0.993   -3.9968793    0.3455804 
       0.994    -3.993432   0.34511252 
       0.995   -3.9899872   0.34464434 
       0.996   -3.9865447   0.34417586 
       0.997   -3.9831047    0.3437071 
       0.998   -3.9796671   0.34323806 
       0.999   -3.9762319   0.34276874 
           1   -3.9727991   0.34229916 