           0   -9142.0639 3.0576728e+08 
       0.001   -7526.9594 2.8737487e+08 
       0.002   -5758.0354 2.5499129e+08 
       0.003   -3835.2919 2.073446e+08 
       0.004   -1758.7289 1.4316287e+08 
       0.005    471.65356     61174187 
       0.006     1932.596    6465.2865 
       0.007    1879.7865    6501.5669 
       0.008    1823.7765    6470.9745 
       0.009    1764.5659    6369.5757 
        0.01    1702.1547    6193.4368 
       0.011    1636.5429     5938.624 
       0.012    1567.7305    5601.2038 
       0.013    1517.9994    5501.4007 
       0.014    1468.6058    5393.0216 
       0.015    1417.1104    5240.2719 
       0.016    1363.5131    5041.3027 
       0.017     1307.814    4794.2652 
       0.018    1264.7032    4684.3471 
       0.019     1221.104    4557.2984 
        0.02     1175.975    4399.2659 
       0.021    1129.3162    4209.1811 
       0.022    1089.3909    4080.2949 
       0.023    1051.0619    3959.9119 
       0.024    1011.5535    3816.6465 
       0.025    971.33269    3654.6422 
       0.026    937.83948    3552.8946 
       0.027     903.4028    3433.7246 
       0.028    868.02265    3296.6481 
       0.029     836.4049     3187.902 
        0.03    805.80518    3082.6511 
       0.031    774.43079    2963.1983 
       0.032    745.72186    2861.6157 
       0.033    718.15773    2765.1892 
       0.034    689.94502    2657.1467 
       0.035    664.55508    2568.6867 
       0.036    639.47208    2478.3235 
       0.037    614.26714    2381.9376 
       0.038    591.73702     2304.162 
       0.039    568.73259    2218.2735 
        0.04    547.05333    2139.2725 
       0.041    526.23615    2063.9182 
       0.042    505.45897    1985.2236 
       0.043    486.49132    1917.9318 
       0.044    467.16238    1844.6132 
       0.045    449.47441    1781.2463 
       0.046    431.77334    1715.0595 
       0.047    415.07783    1653.9124 
       0.048    398.78734    1593.4723 
       0.049    383.15427    1535.5644 
        0.05    368.09818    1479.8485 
       0.051    353.54084    1425.6539 
       0.052    339.57418    1373.8909 
       0.053    326.07228    1323.5693 
       0.054    313.07421    1275.1663 
       0.055      300.588    1228.6965 
       0.056    288.45669    1183.1898 
       0.057    276.93576    1140.4482 
       0.058    265.58452    1097.4698 
       0.059    254.97332    1058.2776 
        0.06    244.43345    1018.2645 
       0.061    234.56899    981.68289 
       0.062    224.89267     945.1841 
       0.063    215.60151    910.20697 
       0.064    206.72543    876.95394 
       0.065    197.99882    843.69883 
       0.066    189.82423    813.17653 
       0.067     181.8287    782.91327 
       0.068    174.09105    753.49505 
       0.069    166.76996    725.97954 
        0.07    159.61076    698.72937 
       0.071    152.73771    672.59843 
       0.072    146.18529    647.82068 
       0.073     139.7997    623.43548 
       0.074    133.66169    599.99534 
       0.075    127.81847    577.81357 
       0.076    122.13764    556.07312 
       0.077    116.63042    534.87518 
       0.078    111.43271       515.09 
       0.079    106.38805    495.75178 
        0.08    101.50135    476.91631 
       0.081    96.811613    458.84559 
       0.082    92.337969    441.66942 
       0.083    88.008325     424.9601 
       0.084    83.823729    408.74262 
       0.085    79.797623    393.11514 
       0.086    75.964828     378.3004 
       0.087    72.262139    363.92772 
       0.088     68.68871    350.00656 
       0.089    65.242983    336.54084 
        0.09    61.934691    323.60075 
       0.091    58.775642    311.26617 
       0.092     55.72985     299.3331 
       0.093    52.795205    287.79995 
       0.094     49.96929    276.66261 
       0.095    47.249454    265.91498 
       0.096     44.63288     255.5495 
       0.097    42.134763      245.663 
       0.098     39.73209    236.12862 
       0.099    37.420449    226.92864 
         0.1    35.197222    218.05542 
       0.101    33.059737    209.50066 
       0.102      31.0053    201.25564 
       0.103    29.031216    193.31129 
       0.104    27.134801     185.6584 
       0.105    25.313401    178.28766 
       0.106    23.564402    171.18975 
       0.107    21.885237    164.35542 
       0.108    20.273396    157.77554 
       0.109    18.727281    151.44597 
        0.11     17.24433    145.35687 
       0.111    15.820796    139.49158 
       0.112    14.454538    133.84241 
       0.113    13.143472    128.40178 
       0.114    11.885571     123.1623 
       0.115     10.67887    118.11676 
       0.116    9.5221021    113.26171 
       0.117    8.4139216    108.59312 
       0.118    7.3516055    104.09915 
       0.119     6.333384    99.773146 
        0.12    5.3575524    95.608719 
       0.121    4.4224689    91.599706 
       0.122    3.5265534     87.74018 
       0.123    2.6682854    84.024438 
       0.124    1.8462025    80.446999 
       0.125    1.0588981    77.002594 
       0.126   0.30502014    73.686158 
       0.127  -0.41673127    70.492827 
       0.128   -1.1076054    67.417928 
       0.129   -1.7656929    64.474067 
        0.13   -2.3949738    61.641407 
       0.131   -2.9969738    58.913544 
       0.132   -3.5727524    56.286508 
       0.133   -4.1233283    53.756488 
       0.134   -4.6496954    51.319816 
       0.135   -5.1509668    48.982962 
       0.136   -5.6283419    46.740964 
       0.137   -6.0843891    44.581348 
       0.138   -6.5199325    42.501039 
       0.139   -6.9357639     40.49709 
        0.14   -7.3306999     38.57739 
       0.141   -7.7063029    36.734715 
       0.142   -8.0645614     34.95939 
       0.143   -8.4061571    33.248937 
       0.144   -8.7303981    31.608313 
       0.145    -9.037716    30.036255 
       0.146   -9.3303845    28.521421 
       0.147   -9.6089726    27.061738 
       0.148   -9.8719115    25.666775 
       0.149   -10.121375    24.325608 
        0.15   -10.358467    23.033125 
       0.151   -10.582511    21.793894 
       0.152   -10.793881    20.606762 
       0.153   -10.994384     19.46263 
       0.154   -11.183507    18.365077 
       0.155   -11.361325    17.314515 
       0.156     -11.5296    16.301963 
       0.157   -11.687534    15.332519 
       0.158    -11.83583    14.403038 
       0.159   -11.975744    13.507188 
        0.16   -12.105942    12.653059 
       0.161   -12.228277    11.830954 
       0.162   -12.342635    11.042122 
       0.163   -12.448874    10.287948 
       0.164     -12.5484    9.5611025 
       0.165   -12.639988    8.8690625 
       0.166   -12.725375    8.2025276 
       0.167   -12.803936    7.5655949 
       0.168   -12.876401    6.9546016 
       0.169   -12.942899    6.3692893 
        0.17   -13.003557    5.8094434 
       0.171    -13.05892    5.2723575 
       0.172   -13.108795    4.7596129 
       0.173   -13.153901     4.267488 
       0.174   -13.193941    3.7981163 
       0.175   -13.229616     3.347835 
       0.176   -13.260692    2.9184071 
       0.177   -13.287712    2.5070086 
       0.178   -13.310623    2.1143715 
       0.179   -13.329723     1.739054 
        0.18   -13.345196    1.3803124 
       0.181   -13.357057    1.0384415 
       0.182   -13.365767   0.71092999 
       0.183   -13.371024   0.40003285 
       0.184   -13.373452   0.10217156 
       0.185   -13.372831   0.18093509 
       0.186   -13.369498   0.45107296 
       0.187   -13.363595   0.70887681 
       0.188   -13.355032   0.95340198 
       0.189   -13.344205    1.1869538 
        0.19   -13.331047    1.4087565 
       0.191   -13.315699    1.6194922 
       0.192   -13.298377    1.8203377 
       0.193   -13.279016    2.0104675 
       0.194   -13.257817    2.1910431 
       0.195   -13.234914    2.3627511 
       0.196    -13.21027    2.5250127 
       0.197   -13.184051    2.6787447 
       0.198   -13.156383    2.8245632 
       0.199   -13.127272    2.9623084 
         0.2    -13.09679    3.0922153 
       0.201   -13.065071    3.2150748 
       0.202   -13.032184    3.3311233 
       0.203   -12.998126    3.4400521 
       0.204   -12.963014    3.5426061 
       0.205   -12.926922    3.6391239 
       0.206   -12.889903    3.7298177 
       0.207   -12.851983    3.8145604 
       0.208   -12.813242    3.8938502 
       0.209    -12.77374    3.9679999 
        0.21   -12.733524    4.0372015 
       0.211   -12.692646    4.1016441 
       0.212   -12.651129    4.1612403 
       0.213   -12.609039    4.2164784 
       0.214   -12.566418    4.2675335 
       0.215    -12.52331    4.3145724 
       0.216   -12.479752    4.3577555 
       0.217   -12.435781    4.3972388 
       0.218   -12.391422    4.4330428 
       0.219   -12.346722    4.4654602 
        0.22   -12.301718    4.4946452 
       0.221   -12.256436    4.5207309 
       0.222   -12.210905     4.543848 
       0.223   -12.165156    4.5641249 
       0.224   -12.119218    4.5816856 
       0.225   -12.073116    4.5966481 
       0.226   -12.026874    4.6091266 
       0.227   -11.980517    4.6192327 
       0.228   -11.934073     4.627053 
       0.229    -11.88756    4.6327132 
        0.23   -11.840998    4.6363171 
       0.231   -11.794408    4.6379606 
       0.232   -11.747812    4.6377369 
       0.233   -11.701225    4.6357319 
       0.234   -11.654666    4.6320309 
       0.235   -11.608148    4.6267146 
       0.236   -11.561691     4.619863 
       0.237    -11.51531    4.6115521 
       0.238   -11.469016     4.601852 
       0.239   -11.422823    4.5908339 
        0.24   -11.376747    4.5785652 
       0.241   -11.330798    4.5651104 
       0.242    -11.28499    4.5505224 
       0.243   -11.239331    4.5348665 
       0.244   -11.193836    4.5182046 
       0.245    -11.14851    4.5005899 
       0.246   -11.103362    4.4820743 
       0.247   -11.058402    4.4627087 
       0.248   -11.013638    4.4425423 
       0.249   -10.969077    4.4216204 
        0.25   -10.924725    4.3999865 
       0.251   -10.880591    4.3776847 
       0.252   -10.836689    4.3547528 
       0.253    -10.79302    4.3312319 
       0.254   -10.749585    4.3071615 
       0.255    -10.70639    4.2825776 
       0.256   -10.663441    4.2575143 
       0.257    -10.62074    4.2320037 
       0.258     -10.5783    4.2060786 
       0.259   -10.536126    4.1797719 
        0.26   -10.494212    4.1531099 
       0.261    -10.45256    4.1261193 
       0.262   -10.411174    4.0988267 
       0.263   -10.370075    4.0712663 
       0.264   -10.329249    4.0434556 
       0.265   -10.288696    4.0154159 
       0.266   -10.248418    3.9871694 
       0.267   -10.208434    3.9587488 
       0.268   -10.168733    3.9301659 
       0.269    -10.12931    3.9014364 
        0.27   -10.090172    3.8725825 
       0.271   -10.051335    3.8436341 
       0.272   -10.012778    3.8145911 
       0.273   -9.9745089    3.7854726 
       0.274   -9.9365391     3.756309 
       0.275   -9.8988554       3.7271 
       0.276   -9.8614552    3.6978563 
       0.277    -9.824359     3.668613 
       0.278   -9.7875491    3.6393641 
       0.279   -9.7510224    3.6101183 
        0.28   -9.7148025    3.5809141 
       0.281   -9.6788632    3.5517334 
       0.282    -9.643215     3.522599 
       0.283   -9.6078628    3.4935275 
       0.284    -9.572789     3.464508 
       0.285    -9.538017    3.4355794 
       0.286   -9.5035242    3.4067234 
       0.287   -9.4693222    3.3779623 
       0.288   -9.4354073    3.3493023 
       0.289     -9.40177    3.3207401 
        0.29   -9.3684297    3.2923056 
       0.291   -9.3353577    3.2639738 
       0.292   -9.3025825    3.2357883 
       0.293   -9.2700754    3.2077173 
       0.294   -9.2378581    3.1798003 
       0.295   -9.2059076    3.1520105 
       0.296   -9.1742439    3.1243841 
       0.297   -9.1428435    3.0968942 
       0.298   -9.1117282     3.069578 
       0.299    -9.080871    3.0424041 
         0.3   -9.0502996    3.0154159 
       0.301   -9.0199831    2.9885781 
       0.302   -8.9899443    2.9619268 
       0.303    -8.960163      2.93544 
       0.304   -8.9306488    2.9091361 
       0.305   -8.9013949    2.8830117 
       0.306    -8.872396    2.8570634 
       0.307   -8.8436636    2.8313125 
       0.308   -8.8151774    2.8057355 
       0.309   -8.7869549    2.7803594 
        0.31   -8.7589806    2.7551695 
       0.311   -8.7312527    2.7301653 
       0.312   -8.7037813    2.7053683 
       0.313   -8.6765506    2.6807569 
       0.314   -8.6495632    2.6563412 
       0.315    -8.622825    2.6321309 
       0.316   -8.5963217    2.6081104 
       0.317   -8.5700583    2.5842903 
       0.318   -8.5440348    2.5606755 
       0.319    -8.518242    2.5372542 
        0.32   -8.4926796    2.5140304 
       0.321    -8.467356    2.4910182 
       0.322    -8.442257    2.4682012 
       0.323   -8.4173819    2.4455802 
       0.324   -8.3927351    2.4231667 
       0.325   -8.3683118    2.4009552 
       0.326   -8.3441066    2.3789403 
       0.327   -8.3201187    2.3571227 
       0.328    -8.296352    2.3355127 
       0.329   -8.2727995    2.3141023 
        0.33   -8.2494582    2.2928887 
       0.331   -8.2263261    2.2718714 
       0.332   -8.2034037    2.2510528 
       0.333   -8.1806915    2.2304384 
       0.334   -8.1581825    2.2100189 
       0.335   -8.1358763    2.1897944 
       0.336     -8.11377     2.169764 
       0.337    -8.091862    2.1499271 
       0.338   -8.0701528    2.1302873 
       0.339   -8.0486402    2.1108429 
        0.34   -8.0273206    2.0915898 
       0.341   -8.0061921    2.0725271 
       0.342   -7.9852521    2.0536536 
       0.343   -7.9644993    2.0349687 
       0.344   -7.9439326    2.0164718 
       0.345   -7.9235499    1.9981619 
       0.346   -7.9033485    1.9800379 
       0.347   -7.8833298    1.9621019 
       0.348   -7.8634894    1.9443493 
       0.349   -7.8438252    1.9267787 
        0.35   -7.8243351    1.9093889 
       0.351   -7.8050186    1.8921793 
       0.352   -7.7858733    1.8751486 
       0.353   -7.7668968    1.8582949 
       0.354   -7.7480885    1.8416179 
       0.355    -7.729446    1.8251159 
       0.356   -7.7109674    1.8087873 
       0.357   -7.6926519    1.7926317 
       0.358    -7.674497     1.776647 
       0.359    -7.656501    1.7608321 
        0.36   -7.6386628    1.7451859 
       0.361   -7.6209803    1.7297068 
       0.362   -7.6034516    1.7143932 
       0.363   -7.5860755    1.6992442 
       0.364   -7.5688504    1.6842584 
       0.365   -7.5517744    1.6694341 
       0.366   -7.5348456    1.6547698 
       0.367   -7.5180638    1.6402654 
       0.368   -7.5014272    1.6259204 
       0.369   -7.4849333    1.6117315 
        0.37   -7.4685814    1.5976978 
       0.371   -7.4523685    1.5838169 
       0.372    -7.436294    1.5700882 
       0.373   -7.4203563      1.55651 
       0.374   -7.4045531    1.5430806 
       0.375   -7.3888844    1.5297993 
       0.376   -7.3733494    1.5166677 
       0.377   -7.3579452    1.5036815 
       0.378   -7.3426707    1.4908389 
       0.379   -7.3275234    1.4781382 
        0.38    -7.312503    1.4655786 
       0.381   -7.2976077    1.4531592 
       0.382   -7.2828378    1.4408812 
       0.383   -7.2681906    1.4287403 
       0.384   -7.2536633    1.4167341 
       0.385   -7.2392558    1.4048619 
       0.386   -7.2249682    1.3931258 
       0.387   -7.2107979    1.3815224 
       0.388   -7.1967432    1.3700489 
       0.389   -7.1828016    1.3587032 
        0.39   -7.1689766    1.3474898 
       0.391   -7.1552627     1.336403 
       0.392   -7.1416602    1.3254415 
       0.393   -7.1281657    1.3146033 
       0.394   -7.1147798    1.3038906 
       0.395   -7.1015027       1.2933 
       0.396     -7.08833    1.2828282 
       0.397   -7.0752639      1.27248 
       0.398   -7.0622995    1.2622478 
       0.399   -7.0494387    1.2521326 
         0.4   -7.0366806     1.242137 
       0.401   -7.0240203    1.2322534 
       0.402   -7.0114594    1.2224835 
       0.403   -6.9989991    1.2128293 
       0.404   -6.9866333    1.2032837 
       0.405   -6.9743635    1.1938498 
       0.406   -6.9621888    1.1845251 
       0.407   -6.9501078    1.1753077 
       0.408   -6.9381201    1.1661994 
       0.409   -6.9262218    1.1571939 
        0.41   -6.9144159    1.1482961 
       0.411   -6.9026996     1.139501 
       0.412   -6.8910712    1.1308085 
       0.413   -6.8795293    1.1222169 
       0.414   -6.8680745     1.113726 
       0.415   -6.8567064    1.1053358 
       0.416   -6.8454216    1.0970425 
       0.417   -6.8342202    1.0888472 
       0.418    -6.823101     1.080747 
       0.419   -6.8120652    1.0727441 
        0.42   -6.8011091    1.0648342 
       0.421   -6.7902328     1.057018 
       0.422   -6.7794343    1.0492929 
       0.423   -6.7687154    1.0416604 
       0.424   -6.7580736    1.0341182 
       0.425   -6.7475072    1.0266644 
       0.426    -6.737016    1.0192996 
       0.427   -6.7265989    1.0120207 
       0.428   -6.7162574    1.0048311 
       0.429   -6.7059873   0.99772514 
        0.43   -6.6957891   0.99070408 
       0.431   -6.6856617   0.98376655 
       0.432   -6.6756047   0.97691098 
       0.433   -6.6656186   0.97013966 
       0.434   -6.6557001    0.9634478 
       0.435   -6.6458488   0.95683525 
       0.436   -6.6360655   0.95030333 
       0.437   -6.6263482   0.94384882 
       0.438   -6.6166968   0.93747214 
       0.439   -6.6071106   0.93117293 
        0.44   -6.5975874   0.92494814 
       0.441   -6.5881273   0.91879805 
       0.442   -6.5787312   0.91272374 
       0.443   -6.5693967   0.90672215 
       0.444   -6.5601227   0.90079222 
       0.445   -6.5509095   0.89493497 
       0.446   -6.5417557    0.8891482 
       0.447   -6.5326612    0.8834314 
       0.448    -6.523625   0.87778359 
       0.449   -6.5146474   0.87220591 
        0.45   -6.5057261   0.86669521 
       0.451   -6.4968608   0.86125102 
       0.452   -6.4880507    0.8558725 
       0.453   -6.4792972   0.85056117 
       0.454   -6.4705981   0.84531475 
       0.455   -6.4619523   0.84013182 
       0.456   -6.4533596   0.83501207 
       0.457   -6.4448189   0.82995453 
       0.458   -6.4363305   0.82495943 
       0.459   -6.4278941   0.82002621 
        0.46   -6.4195085   0.81515358 
       0.461   -6.4111727   0.81034043 
       0.462   -6.4028864   0.80558637 
       0.463   -6.3946489    0.8008907 
       0.464   -6.3864596   0.79625264 
       0.465   -6.3783187    0.7916724 
       0.466   -6.3702256   0.78714927 
       0.467    -6.362179   0.78268178 
       0.468   -6.3541786   0.77826966 
       0.469   -6.3462236   0.77391186 
        0.47   -6.3383137   0.76960809 
       0.471   -6.3304484   0.76535772 
       0.472   -6.3226275   0.76116036 
       0.473   -6.3148502   0.75701527 
       0.474   -6.3071162   0.75292192 
       0.475   -6.2994245   0.74887936 
       0.476   -6.2917749   0.74488736 
       0.477   -6.2841668   0.74094507 
       0.478      -6.2766   0.73705226 
       0.479   -6.2690735   0.73320794 
        0.48   -6.2615877   0.72941217 
       0.481   -6.2541416   0.72566401 
       0.482   -6.2467347   0.72196288 
       0.483   -6.2393665   0.71830821 
       0.484   -6.2320367   0.71469961 
       0.485   -6.2247445   0.71113619 
       0.486   -6.2174899   0.70761783 
       0.487   -6.2102722   0.70414375 
       0.488   -6.2030913   0.70071374 
       0.489   -6.1959464   0.69732693 
        0.49   -6.1888375   0.69398318 
       0.491   -6.1817638   0.69068165 
       0.492   -6.1747249   0.68742193 
       0.493   -6.1677206   0.68420375 
       0.494   -6.1607505   0.68102658 
       0.495   -6.1538139   0.67788966 
       0.496   -6.1469106   0.67479259 
       0.497   -6.1400403   0.67173502 
       0.498   -6.1332025   0.66871634 
       0.499   -6.1263968   0.66573613 
         0.5   -6.1196233   0.66279445 
       0.501   -6.1128811   0.65989039 
       0.502   -6.1061699   0.65702339 
       0.503   -6.0994894   0.65419303 
       0.504   -6.0928391   0.65139881 
       0.505   -6.0862188   0.64864057 
       0.506   -6.0796283   0.64591802 
       0.507    -6.073067   0.64323033 
       0.508   -6.0665345     0.640577 
       0.509   -6.0600306   0.63795782 
        0.51   -6.0535553   0.63537293 
       0.511    -6.047108   0.63282129 
       0.512   -6.0406881   0.63030232 
       0.513   -6.0342957   0.62781613 
       0.514   -6.0279304   0.62536229 
       0.515   -6.0215916   0.62294001 
       0.516   -6.0152791   0.62054889 
       0.517   -6.0089929   0.61818935 
       0.518   -6.0027325   0.61586023 
       0.519   -5.9964973   0.61356105 
        0.52   -5.9902876   0.61129225 
       0.521   -5.9841026   0.60905274 
       0.522   -5.9779421   0.60684222 
       0.523   -5.9718062   0.60466092 
       0.524   -5.9656942    0.6025079 
       0.525   -5.9596059   0.60038282 
       0.526   -5.9535413   0.59828583 
       0.527   -5.9474997   0.59621596 
       0.528   -5.9414812   0.59417338 
       0.529   -5.9354856   0.59215764 
        0.53    -5.929512   0.59016794 
       0.531    -5.923561   0.58820482 
       0.532   -5.9176317     0.586267 
       0.533   -5.9117243   0.58435512 
       0.534   -5.9058381   0.58246795 
       0.535   -5.8999733   0.58060589 
       0.536   -5.8941292   0.57876811 
       0.537    -5.888306   0.57695463 
       0.538   -5.8825032     0.575165 
       0.539   -5.8767206   0.57339897 
        0.54   -5.8709581   0.57165626 
       0.541   -5.8652153   0.56993647 
       0.542   -5.8594921   0.56823943 
       0.543   -5.8537883   0.56656481 
       0.544   -5.8481035   0.56491225 
       0.545   -5.8424377   0.56328165 
       0.546   -5.8367904    0.5616724 
       0.547   -5.8311618   0.56008474 
       0.548   -5.8255513   0.55851773 
       0.549   -5.8199591   0.55697187 
        0.55   -5.8143845   0.55544619 
       0.551   -5.8088277   0.55394081 
       0.552   -5.8032884   0.55245545 
       0.553   -5.7977661   0.55098953 
       0.554   -5.7922613   0.54954343 
       0.555   -5.7867731   0.54811622 
       0.556   -5.7813021   0.54670845 
       0.557   -5.7758472   0.54531896 
       0.558   -5.7704083   0.54394762 
       0.559   -5.7649858   0.54259468 
        0.56   -5.7595794   0.54125987 
       0.561   -5.7541889   0.53994273 
       0.562   -5.7488138   0.53864301 
       0.563   -5.7434541   0.53736048 
       0.564   -5.7381096   0.53609479 
       0.565   -5.7327801   0.53484589 
       0.566    -5.727466   0.53361394 
       0.567   -5.7221667   0.53239837 
       0.568   -5.7168818   0.53119867 
       0.569   -5.7116113   0.53001491 
        0.57    -5.706355   0.52884678 
       0.571   -5.7011129   0.52769402 
       0.572   -5.6958848   0.52655659 
       0.573   -5.6906707   0.52543445 
       0.574   -5.6854704   0.52432717 
       0.575   -5.6802834   0.52323444 
       0.576   -5.6751099   0.52215606 
       0.577   -5.6699495   0.52109187 
       0.578   -5.6648022   0.52004183 
       0.579    -5.659668   0.51900563 
        0.58   -5.6545466    0.5179831 
       0.581   -5.6494379   0.51697402 
       0.582   -5.6443417   0.51597826 
       0.583    -5.639258   0.51499557 
       0.584   -5.6341866   0.51402585 
       0.585   -5.6291273   0.51306879 
       0.586     -5.62408   0.51212425 
       0.587   -5.6190446   0.51119208 
       0.588    -5.614021   0.51027205 
       0.589    -5.609009   0.50936406 
        0.59   -5.6040087   0.50846801 
       0.591   -5.5990198   0.50758363 
       0.592   -5.5940422   0.50671073 
       0.593   -5.5890758   0.50584921 
       0.594   -5.5841204   0.50499887 
       0.595    -5.579176   0.50415955 
       0.596   -5.5742424   0.50333107 
       0.597   -5.5693196   0.50251326 
       0.598   -5.5644073   0.50170594 
       0.599   -5.5595056   0.50090902 
         0.6   -5.5546142   0.50012233 
       0.601   -5.5497332   0.49934568 
       0.602   -5.5448623   0.49857899 
       0.603   -5.5400016   0.49782207 
       0.604   -5.5351508   0.49707474 
       0.605   -5.5303099    0.4963369 
       0.606   -5.5254789   0.49560843 
       0.607   -5.5206574   0.49488909 
       0.608   -5.5158456   0.49417879 
       0.609   -5.5110433   0.49347744 
        0.61   -5.5062504   0.49278489 
       0.611   -5.5014669   0.49210109 
       0.612   -5.4966927   0.49142575 
       0.613   -5.4919275   0.49075877 
       0.614   -5.4871714   0.49010002 
       0.615   -5.4824242   0.48944936 
       0.616   -5.4776859   0.48880665 
       0.617   -5.4729563   0.48817178 
       0.618   -5.4682354   0.48754461 
       0.619   -5.4635233   0.48692522 
        0.62   -5.4588197   0.48631334 
       0.621   -5.4541245   0.48570875 
       0.622   -5.4494377   0.48511139 
       0.623   -5.4447591   0.48452114 
       0.624   -5.4400888   0.48393786 
       0.625   -5.4354266   0.48336156 
       0.626   -5.4307725   0.48279205 
       0.627   -5.4261264   0.48222922 
       0.628   -5.4214883   0.48167294 
       0.629   -5.4168579   0.48112307 
        0.63   -5.4122354   0.48057959 
       0.631   -5.4076205   0.48004234 
       0.632   -5.4030133   0.47951117 
       0.633   -5.3984136   0.47898604 
       0.634   -5.3938214   0.47846685 
       0.635   -5.3892366   0.47795345 
       0.636   -5.3846592   0.47744575 
       0.637   -5.3800891   0.47694372 
       0.638   -5.3755262   0.47644715 
       0.639   -5.3709704   0.47595595 
        0.64   -5.3664219   0.47547018 
       0.641   -5.3618804   0.47498969 
       0.642   -5.3573458   0.47451427 
       0.643   -5.3528181   0.47404388 
       0.644   -5.3482973   0.47357848 
       0.645   -5.3437833   0.47311789 
       0.646   -5.3392761    0.4726621 
       0.647   -5.3347755   0.47221096 
       0.648   -5.3302815   0.47176438 
       0.649   -5.3257941   0.47132239 
        0.65   -5.3213132   0.47088473 
       0.651   -5.3168388   0.47045144 
       0.652   -5.3123708   0.47002252 
       0.653   -5.3079092   0.46959768 
       0.654   -5.3034539   0.46917697 
       0.655   -5.2990048   0.46876023 
       0.656   -5.2945619   0.46834743 
       0.657   -5.2901251   0.46793844 
       0.658   -5.2856945    0.4675333 
       0.659   -5.2812699   0.46713183 
        0.66   -5.2768512   0.46673399 
       0.661   -5.2724386   0.46633974 
       0.662   -5.2680319   0.46594894 
       0.663    -5.263631   0.46556152 
       0.664   -5.2592359   0.46517744 
       0.665   -5.2548466   0.46479661 
       0.666    -5.250463     0.464419 
       0.667   -5.2460851   0.46404456 
       0.668   -5.2417128   0.46367315 
       0.669   -5.2373461    0.4633047 
        0.67    -5.232985   0.46293915 
       0.671   -5.2286293   0.46257645 
       0.672   -5.2242792   0.46221667 
       0.673   -5.2199345   0.46185955 
       0.674   -5.2155951   0.46150509 
       0.675   -5.2112611   0.46115322 
       0.676   -5.2069323   0.46080387 
       0.677   -5.2026089   0.46045709 
       0.678   -5.1982907   0.46011269 
       0.679   -5.1939776   0.45977065 
        0.68   -5.1896697   0.45943091 
       0.681   -5.1853669   0.45909342 
       0.682   -5.1810692   0.45875814 
       0.683   -5.1767766   0.45842502 
       0.684   -5.1724889   0.45809394 
       0.685   -5.1682062   0.45776487 
       0.686   -5.1639284   0.45743784 
       0.687   -5.1596555    0.4571127 
       0.688   -5.1553876   0.45678944 
       0.689   -5.1511244   0.45646797 
        0.69    -5.146866   0.45614828 
       0.691   -5.1426124   0.45583031 
       0.692   -5.1383635   0.45551403 
       0.693   -5.1341193   0.45519933 
       0.694   -5.1298798   0.45488622 
       0.695   -5.1256449   0.45457463 
       0.696   -5.1214147   0.45426453 
       0.697    -5.117189   0.45395583 
       0.698   -5.1129678   0.45364853 
       0.699   -5.1087512   0.45334258 
         0.7   -5.1045391   0.45303794 
       0.701   -5.1003314   0.45273451 
       0.702   -5.0961281    0.4524323 
       0.703   -5.0919293   0.45213129 
       0.704   -5.0877348   0.45183138 
       0.705   -5.0835446   0.45153256 
       0.706   -5.0793588   0.45123477 
       0.707   -5.0751773   0.45093801 
       0.708       -5.071   0.45064217 
       0.709   -5.0668269   0.45034727 
        0.71   -5.0626581    0.4500533 
       0.711   -5.0584935   0.44976014 
       0.712    -5.054333   0.44946779 
       0.713   -5.0501766   0.44917624 
       0.714   -5.0460244   0.44888541 
       0.715   -5.0418762   0.44859527 
       0.716   -5.0377321   0.44830582 
       0.717    -5.033592   0.44801699 
       0.718    -5.029456   0.44772875 
       0.719   -5.0253239    0.4474411 
        0.72   -5.0211958   0.44715397 
       0.721   -5.0170716   0.44686733 
       0.722   -5.0129513   0.44658118 
       0.723    -5.008835   0.44629545 
       0.724   -5.0047225   0.44601011 
       0.725   -5.0006139   0.44572518 
       0.726    -4.996509   0.44544058 
       0.727    -4.992408   0.44515628 
       0.728   -4.9883108   0.44487229 
       0.729   -4.9842173   0.44458853 
        0.73   -4.9801276   0.44430501 
       0.731   -4.9760416    0.4440217 
       0.732   -4.9719593   0.44373854 
       0.733   -4.9678807   0.44345554 
       0.734   -4.9638057   0.44317266 
       0.735   -4.9597344   0.44288986 
       0.736   -4.9556667   0.44260715 
       0.737   -4.9516026   0.44232445 
       0.738   -4.9475421   0.44204179 
       0.739   -4.9434851   0.44175912 
        0.74   -4.9394317   0.44147641 
       0.741   -4.9353818   0.44119365 
       0.742   -4.9313354    0.4409108 
       0.743   -4.9272925   0.44062786 
       0.744   -4.9232531   0.44034479 
       0.745   -4.9192171   0.44006156 
       0.746   -4.9151846   0.43977819 
       0.747   -4.9111554    0.4394946 
       0.748   -4.9071297   0.43921082 
       0.749   -4.9031073    0.4389268 
        0.75   -4.8990883   0.43864252 
       0.751   -4.8950727   0.43835799 
       0.752   -4.8910603   0.43807314 
       0.753   -4.8870513     0.437788 
       0.754   -4.8830456   0.43750251 
       0.755   -4.8790431   0.43721668 
       0.756   -4.8750439   0.43693048 
       0.757    -4.871048   0.43664389 
       0.758   -4.8670553   0.43635691 
       0.759   -4.8630658    0.4360695 
        0.76   -4.8590795   0.43578166 
       0.761   -4.8550964   0.43549335 
       0.762   -4.8511164   0.43520459 
       0.763   -4.8471396   0.43491532 
       0.764    -4.843166   0.43462557 
       0.765   -4.8391954   0.43433529 
       0.766    -4.835228   0.43404448 
       0.767   -4.8312636   0.43375311 
       0.768   -4.8273024    0.4334612 
       0.769   -4.8233441   0.43316868 
        0.77    -4.819389    0.4328756 
       0.771   -4.8154369   0.43258189 
       0.772   -4.8114877   0.43228759 
       0.773   -4.8075416   0.43199264 
       0.774   -4.8035985   0.43169705 
       0.775   -4.7996584    0.4314008 
       0.776   -4.7957212   0.43110389 
       0.777    -4.791787   0.43080629 
       0.778   -4.7878557     0.430508 
       0.779   -4.7839273   0.43020899 
        0.78   -4.7800019   0.42990929 
       0.781   -4.7760793   0.42960883 
       0.782   -4.7721596   0.42930766 
       0.783   -4.7682428   0.42900573 
       0.784   -4.7643289   0.42870304 
       0.785   -4.7604177   0.42839958 
       0.786   -4.7565095   0.42809535 
       0.787    -4.752604   0.42779032 
       0.788   -4.7487014   0.42748449 
       0.789   -4.7448015   0.42717787 
        0.79   -4.7409044   0.42687041 
       0.791   -4.7370102   0.42656218 
       0.792   -4.7331186   0.42625307 
       0.793   -4.7292298    0.4259431 
       0.794   -4.7253437   0.42563229 
       0.795   -4.7214604   0.42532066 
       0.796   -4.7175798   0.42500812 
       0.797   -4.7137018   0.42469469 
       0.798   -4.7098266   0.42438044 
       0.799   -4.7059541   0.42406528 
         0.8   -4.7020842   0.42374919 
       0.801   -4.6982169   0.42343223 
       0.802   -4.6943523   0.42311438 
       0.803   -4.6904904   0.42279558 
       0.804    -4.686631   0.42247586 
       0.805   -4.6827743   0.42215525 
       0.806   -4.6789201   0.42183368 
       0.807   -4.6750686   0.42151116 
       0.808   -4.6712196   0.42118774 
       0.809   -4.6673732   0.42086335 
        0.81   -4.6635294   0.42053798 
       0.811   -4.6596881   0.42021169 
       0.812   -4.6558494   0.41988443 
       0.813   -4.6520131   0.41955618 
       0.814   -4.6481794   0.41922698 
       0.815   -4.6443482   0.41889682 
       0.816   -4.6405195   0.41856565 
       0.817   -4.6366933    0.4182335 
       0.818   -4.6328696   0.41790039 
       0.819   -4.6290483   0.41756626 
        0.82   -4.6252295   0.41723114 
       0.821   -4.6214132   0.41689506 
       0.822   -4.6175993   0.41655794 
       0.823   -4.6137878   0.41621982 
       0.824   -4.6099787   0.41588073 
       0.825   -4.6061721   0.41554059 
       0.826   -4.6023678   0.41519945 
       0.827    -4.598566   0.41485733 
       0.828   -4.5947665   0.41451416 
       0.829   -4.5909695   0.41416998 
        0.83   -4.5871748    0.4138248 
       0.831   -4.5833824   0.41347858 
       0.832   -4.5795924   0.41313134 
       0.833   -4.5758048   0.41278309 
       0.834   -4.5720194    0.4124338 
       0.835   -4.5682365    0.4120835 
       0.836   -4.5644558   0.41173217 
       0.837   -4.5606774   0.41137979 
       0.838   -4.5569014   0.41102642 
       0.839   -4.5531276     0.410672 
        0.84   -4.5493562   0.41031654 
       0.841    -4.545587   0.40996008 
       0.842   -4.5418201   0.40960257 
       0.843   -4.5380554   0.40924402 
       0.844    -4.534293   0.40888447 
       0.845   -4.5305329   0.40852386 
       0.846    -4.526775   0.40816224 
       0.847   -4.5230193   0.40779959 
       0.848   -4.5192659   0.40743589 
       0.849   -4.5155147   0.40707119 
        0.85   -4.5117657   0.40670545 
       0.851   -4.5080189   0.40633868 
       0.852   -4.5042743   0.40597089 
       0.853   -4.5005319   0.40560207 
       0.854   -4.4967918   0.40523223 
       0.855   -4.4930537   0.40486137 
       0.856   -4.4893179   0.40448947 
       0.857   -4.4855842   0.40411657 
       0.858   -4.4818527   0.40374265 
       0.859   -4.4781234    0.4033677 
        0.86   -4.4743962   0.40299175 
       0.861   -4.4706711   0.40261477 
       0.862   -4.4669482    0.4022368 
       0.863   -4.4632274    0.4018578 
       0.864   -4.4595088    0.4014778 
       0.865   -4.4557923    0.4010968 
       0.866   -4.4520778   0.40071479 
       0.867   -4.4483655   0.40033179 
       0.868   -4.4446554   0.39994778 
       0.869   -4.4409473   0.39956278 
        0.87   -4.4372413   0.39917679 
       0.871   -4.4335374    0.3987898 
       0.872   -4.4298356   0.39840184 
       0.873   -4.4261358   0.39801288 
       0.874   -4.4224382   0.39762294 
       0.875   -4.4187426   0.39723203 
       0.876   -4.4150491   0.39684013 
       0.877   -4.4113576   0.39644728 
       0.878   -4.4076683   0.39605344 
       0.879   -4.4039809   0.39565865 
        0.88   -4.4002956    0.3952629 
       0.881   -4.3966124   0.39486618 
       0.882   -4.3929312   0.39446851 
       0.883   -4.3892521   0.39406989 
       0.884    -4.385575   0.39367033 
       0.885   -4.3818999   0.39326981 
       0.886   -4.3782268   0.39286837 
       0.887   -4.3745558   0.39246599 
       0.888   -4.3708868   0.39206267 
       0.889   -4.3672198   0.39165843 
        0.89   -4.3635549   0.39125326 
       0.891   -4.3598919   0.39084719 
       0.892    -4.356231   0.39044018 
       0.893   -4.3525721   0.39003228 
       0.894   -4.3489151   0.38962347 
       0.895   -4.3452602   0.38921376 
       0.896   -4.3416073   0.38880316 
       0.897   -4.3379564   0.38839166 
       0.898   -4.3343075   0.38797928 
       0.899   -4.3306605   0.38756601 
         0.9   -4.3270156   0.38715188 
       0.901   -4.3233727   0.38673686 
       0.902   -4.3197317   0.38632099 
       0.903   -4.3160927   0.38590424 
       0.904   -4.3124558   0.38548665 
       0.905   -4.3088208   0.38506821 
       0.906   -4.3051878   0.38464891 
       0.907   -4.3015567   0.38422878 
       0.908   -4.2979277   0.38380782 
       0.909   -4.2943006   0.38338602 
        0.91   -4.2906756    0.3829634 
       0.911   -4.2870524   0.38253997 
       0.912   -4.2834313   0.38211571 
       0.913   -4.2798122   0.38169066 
       0.914    -4.276195    0.3812648 
       0.915   -4.2725798   0.38083815 
       0.916   -4.2689666   0.38041071 
       0.917   -4.2653554   0.37998249 
       0.918   -4.2617461   0.37955348 
       0.919   -4.2581389   0.37912371 
        0.92   -4.2545336   0.37869317 
       0.921   -4.2509302   0.37826187 
       0.922   -4.2473289   0.37782982 
       0.923   -4.2437296   0.37739702 
       0.924   -4.2401322   0.37696348 
       0.925   -4.2365368   0.37652921 
       0.926   -4.2329434    0.3760942 
       0.927    -4.229352   0.37565848 
       0.928   -4.2257626   0.37522205 
       0.929   -4.2221751    0.3747849 
        0.93   -4.2185897   0.37434705 
       0.931   -4.2150062   0.37390851 
       0.932   -4.2114248   0.37346928 
       0.933   -4.2078453   0.37302937 
       0.934   -4.2042679   0.37258878 
       0.935   -4.2006924   0.37214752 
       0.936    -4.197119    0.3717056 
       0.937   -4.1935475   0.37126303 
       0.938   -4.1899781    0.3708198 
       0.939   -4.1864107   0.37037594 
        0.94   -4.1828453   0.36993143 
       0.941   -4.1792819    0.3694863 
       0.942   -4.1757205   0.36904054 
       0.943   -4.1721612   0.36859417 
       0.944   -4.1686039   0.36814719 
       0.945   -4.1650487   0.36769961 
       0.946   -4.1614954   0.36725143 
       0.947   -4.1579443   0.36680266 
       0.948   -4.1543951    0.3663533 
       0.949   -4.1508481   0.36590337 
        0.95   -4.1473031   0.36545287 
       0.951   -4.1437601   0.36500181 
       0.952   -4.1402193   0.36455019 
       0.953   -4.1366804   0.36409802 
       0.954   -4.1331437   0.36364531 
       0.955   -4.1296091   0.36319206 
       0.956   -4.1260765   0.36273828 
       0.957   -4.1225461   0.36228398 
       0.958   -4.1190177   0.36182916 
       0.959   -4.1154915   0.36137383 
        0.96   -4.1119674     0.360918 
       0.961   -4.1084454   0.36046167 
       0.962   -4.1049255   0.36000485 
       0.963   -4.1014078   0.35954754 
       0.964   -4.0978921   0.35908976 
       0.965   -4.0943787   0.35863151 
       0.966   -4.0908674   0.35817279 
       0.967   -4.0873582   0.35771361 
       0.968   -4.0838513   0.35725399 
       0.969   -4.0803465   0.35679392 
        0.97   -4.0768438   0.35633341 
       0.971   -4.0733434   0.35587247 
       0.972   -4.0698452   0.35541111 
       0.973   -4.0663491   0.35494933 
       0.974   -4.0628553   0.35448713 
       0.975   -4.0593637   0.35402453 
       0.976   -4.0558744   0.35356154 
       0.977   -4.0523872   0.35309815 
       0.978   -4.0489023   0.35263437 
       0.979   -4.0454197   0.35217022 
        0.98   -4.0419393   0.35170569 
       0.981   -4.0384612    0.3512408 
       0.982   -4.0349854   0.35077555 
       0.983   -4.0315118   0.35030995 
       0.984   -4.0280406     0.349844 
       0.985   -4.0245717   0.34937771 
       0.986    -4.021105   0.34891108 
       0.987   -4.0176407   0.34844413 
       0.988   -4.0141787   0.34797686 
       0.989   -4.0107191   0.34750927 
        0.99   -4.0072352   0.34698218 
       0.991   -4.0037809   0.34651523 
       0.992   -4.0003289   0.34604797 
       0.993   -3.9968793    0.3455804 
       0.994    -3.993432   0.34511252 
       0.995   -3.9899872   0.34464434 
       0.996   -3.9865447   0.34417586 
       0.997   -3.9831047    0.3437071 
       0.998   -3.9796671   0.34323806 
       0.999   -3.9762319   0.34276874 
           1   -3.9727991   0.34229916 