           0     35068000 8.9927323e+11 
       0.001     29989320 8.4518266e+11 
       0.002     24426956 7.4994412e+11 
       0.003     18380908 6.0981689e+11 
       0.004     11851176 4.2106023e+11 
       0.005      4837760 1.7993343e+11 
       0.006    179843.79    2460901.5 
       0.007    166315.15    2344025.3 
       0.008     151966.6      2177934 
       0.009    136798.13    1959732.7 
        0.01    120809.75    1686526.5 
       0.011    104001.45    1355420.2 
       0.012    86373.225    963518.86 
       0.013     78968.11    867884.19 
       0.014    72496.604    796607.91 
       0.015    65749.716     711415.4 
       0.016    58727.444    611726.84 
       0.017    51429.789    496962.37 
       0.018    47514.735    456517.05 
       0.019    43726.048    416497.62 
        0.02    39804.425     370549.4 
       0.021    35749.865    318467.93 
       0.022    32900.124    288038.32 
       0.023    30423.538    263735.68 
       0.024     27870.75    236358.84 
       0.025     25296.76    206826.13 
       0.026    23577.984    191709.34 
       0.027    21810.791     174815.7 
       0.028    19995.181    156095.85 
       0.029    18561.922    142909.98 
        0.03      17259.8    131346.82 
       0.031    15924.712    118627.14 
       0.032    14812.327    108812.32 
       0.033    13809.631    100314.49 
       0.034    12783.341    91033.944 
       0.035    11949.618    84218.291 
       0.036    11151.802    77647.576 
       0.037     10359.39    70844.222 
       0.038    9721.8129     65972.25 
       0.039    9070.8134    60697.374 
        0.04    8490.4361    56155.217 
       0.041    7959.0524    52105.725 
       0.042    7435.8859    47991.639 
       0.043    6994.2652    44788.845 
       0.044    6544.2326    41350.295 
       0.045    6160.3116    38612.976 
       0.046     5780.938    35831.924 
       0.047    5439.4578    33406.353 
       0.048    5115.5906    31110.653 
       0.049    4815.1638    29006.275 
        0.05    4535.6921    27078.297 
       0.051    4272.9417    25272.614 
       0.052    4029.5318     23629.57 
       0.053    3800.4496    22089.249 
       0.054    3586.7278    20671.352 
       0.055    3387.3057    19361.484 
       0.056    3198.3137    18124.571 
       0.057    3024.8202    17012.532 
       0.058     2856.642    15923.319 
       0.059    2705.7259    14980.141 
        0.06    2557.4002     14035.02 
       0.061    2423.9366    13213.713 
       0.062     2294.971    12412.449 
       0.063    2174.3419     11671.95 
       0.064    2062.1126    10992.334 
       0.065    1953.3285    10327.594 
       0.066    1854.9041    9744.5422 
       0.067    1760.0277    9178.6975 
       0.068    1670.0299    8644.2064 
       0.069    1587.2243    8162.5612 
        0.07    1507.3788    7695.4501 
       0.071    1432.3713    7260.9734 
       0.072    1362.4971    6861.8065 
       0.073    1295.3798    6477.2789 
       0.074    1232.1264    6117.8991 
       0.075    1173.2321    5788.0938 
       0.076    1116.7812    5471.5526 
       0.077    1062.8936    5169.8818 
       0.078    1013.2336    4897.5217 
       0.079    965.68365    4636.6029 
        0.08    920.27685    4387.8392 
       0.081    877.43826    4155.0848 
       0.082     837.3087    3939.6108 
       0.083      798.981    3734.1429 
       0.084    762.43619    3538.7991 
       0.085     727.7867    3354.7054 
       0.086    695.35673    3184.5768 
       0.087     664.4113    3022.6577 
       0.088    634.91494    2868.8542 
       0.089    606.82372    2722.9801 
        0.09    580.20615    2585.7026 
       0.091    555.14157    2457.7201 
       0.092    531.24266    2336.1356 
       0.093    508.46803    2220.7502 
       0.094    486.77385    2111.3352 
       0.095    466.11508    2007.6435 
       0.096    446.44626    1909.4181 
       0.097    427.88271    1817.5857 
       0.098    410.19748    1730.5184 
       0.099    393.33675    1647.8904 
         0.1    377.26384    1569.4986 
       0.101    361.94265    1495.1404 
       0.102    347.33791    1424.6158 
       0.103    333.41542    1357.7295 
       0.104    320.14211    1294.2922 
       0.105    307.48615    1234.1215 
       0.106    295.41703    1177.0421 
       0.107    283.90555    1122.8869 
       0.108     272.9238    1071.4964 
       0.109    262.45162    1022.7632 
        0.11    252.46218    976.53221 
       0.111    242.92081    932.59449 
       0.112     233.8057     890.8289 
       0.113    225.09604    851.12016 
       0.114    216.77201    813.35876 
       0.115    208.81474    777.44082 
       0.116    201.21077    743.29736 
       0.117    193.94635    710.85648 
       0.118    186.99874    679.98628 
       0.119    180.35228    650.60135 
        0.12    173.99213    622.62129 
       0.121    167.90426    595.97039 
       0.122    162.07539    570.57735 
       0.123    156.49295    546.37504 
       0.124    151.14503    523.30024 
       0.125    146.02037    501.29339 
       0.126    141.10829    480.29843 
       0.127    136.39871     460.2625 
       0.128    131.88204    441.13581 
       0.129    127.56851    422.99039 
        0.13    123.43179    405.67152 
       0.131    119.46117    389.12187 
       0.132    115.64899    373.30234 
       0.133    111.98794    358.17605 
       0.134    108.47111    343.70822 
       0.135    105.10287    329.93117 
       0.136    101.87511      316.802 
       0.137    98.771805    304.23089 
       0.138    95.787409    292.19062 
       0.139    92.916661    280.65544 
        0.14    90.166062    269.66795 
       0.141    87.525917    259.17587 
       0.142    84.984128    249.11321 
       0.143    82.536463    239.45979 
       0.144     80.18666    230.24074 
       0.145    77.931876    221.44321 
       0.146    75.758773    212.99467 
       0.147    73.663934    204.87921 
       0.148    71.656222     197.1495 
       0.149    69.723016    189.73759 
        0.15    67.857938    182.61075 
       0.151    66.064798     175.7926 
       0.152    64.341451    169.27365 
       0.153    62.677545    162.99933 
       0.154    61.076021    156.98786 
       0.155    59.536542    151.23943 
       0.156    58.049053    145.70154 
       0.157    56.618215    140.40109 
       0.158    55.240126    135.31892 
       0.159    53.907623    130.41851 
        0.16    52.628607    125.74327 
       0.161    51.396841    120.04261 
       0.162    50.226217    113.73822 
       0.163    49.118922     108.0101 
       0.164    48.061462    102.70319 
       0.165    47.060939    97.861624 
       0.166    46.102917    93.341473 
       0.167    45.190554    89.156045 
       0.168    44.317676    85.244334 
       0.169    43.482516    81.582996 
        0.17    42.683575    78.153014 
       0.171    41.916692    74.917407 
       0.172    41.182707    71.876387 
       0.173    40.476729    68.991771 
       0.174    39.800381    66.270072 
       0.175    39.149141    63.678624 
       0.176    38.524373    61.222828 
       0.177    37.922656    58.879072 
       0.178    37.344389    56.647445 
       0.179    36.787742    54.515096 
        0.18    36.251669    52.474501 
       0.181    35.736251    50.524227 
       0.182    35.238683    48.647979 
       0.183    34.761162    46.855788 
       0.184    34.299824    45.126669 
       0.185    33.856368    43.468187 
       0.186    33.428849    41.869696 
       0.187    33.016523    40.326937 
       0.188    32.620379    38.843722 
       0.189    32.237921    37.407737 
        0.19    31.869982    36.022268 
       0.191    31.515837    34.683402 
       0.192    31.174199    33.385012 
       0.193    30.846036     32.13087 
       0.194    30.530091     30.91509 
       0.195    30.225616    29.734221 
       0.196    29.933351    28.591015 
       0.197    29.652306    27.481034 
       0.198    29.381819    26.401358 
       0.199    29.122156     25.35283 
         0.2    28.873136    24.334472 
       0.201    28.633866    23.342581 
       0.202    28.404136    22.376209 
       0.203    28.184459     21.43714 
       0.204    27.973973    20.521927 
       0.205    27.772329    19.629154 
       0.206    27.579342    18.758038 
       0.207    27.395325    17.909606 
       0.208    27.219698    17.081633 
       0.209    27.052124    16.272829 
        0.21    26.892439    15.482548 
       0.211    26.739591    15.030514 
       0.212    26.589485    14.842368 
       0.213     26.44122    14.657243 
       0.214    26.294769    14.475082 
       0.215    26.150114    14.295839 
       0.216     26.00723    14.119461 
       0.217    25.866089    13.945899 
       0.218    25.726741    13.775304 
       0.219    25.589083    13.607414 
        0.22    25.453092    13.442167 
       0.221    25.318736    13.279512 
       0.222    25.185989    13.119399 
       0.223    25.054829    12.961784 
       0.224     24.92524    12.806623 
       0.225    24.797194    12.653868 
       0.226    24.670664    12.503472 
       0.227    24.545631    12.355392 
       0.228    24.422102     12.20964 
       0.229    24.300029     12.06612 
        0.23    24.179379     11.92477 
       0.231    24.060134    11.785554 
       0.232     23.94228    11.648433 
       0.233    23.825792    11.513365 
       0.234    23.710648    11.380312 
       0.235    23.596827    11.249232 
       0.236    23.484315    11.120093 
       0.237    23.373094    10.992858 
       0.238    23.263137    10.867486 
       0.239    23.154429    10.743945 
        0.24    23.046955      10.6222 
       0.241    22.940695    10.502218 
       0.242    22.835647    10.384004 
       0.243    22.731779    10.267497 
       0.244     22.62908     10.15266 
       0.245    22.527525    10.039459 
       0.246    22.427098    9.9278621 
       0.247    22.327782    9.8178387 
       0.248    22.229565    9.7093616 
       0.249    22.132427    9.6023998 
        0.25    22.036351    9.4969232 
       0.251    21.941325    9.3929071 
       0.252    21.847364    9.2903878 
       0.253    21.754434    9.1893037 
       0.254    21.662508       9.0896 
       0.255    21.571573    8.9912517 
       0.256    21.481615     8.894234 
       0.257    21.392619    8.7985215 
       0.258    21.304599    8.7041559 
       0.259    21.217538    8.6110924 
        0.26    21.131397    8.5192638 
       0.261    21.046163    8.4286472 
       0.262    20.961825    8.3392218 
       0.263    20.878418    8.2510651 
       0.264    20.795889    8.1640739 
       0.265    20.714217    8.0782097 
       0.266    20.633394    7.9934543 
       0.267    20.553449    7.9098803 
       0.268    20.474339    7.8274005 
       0.269    20.396038    7.7459695 
        0.27    20.318551    7.6655916 
       0.271      20.2419     7.586328 
       0.272    20.166024    7.5080569 
       0.273    20.090926    7.4307695 
       0.274    20.016628    7.3545463 
       0.275    19.943083    7.2792807 
       0.276    19.870275    7.2049432 
       0.277    19.798243    7.1316228 
       0.278    19.726935    7.0592143 
       0.279    19.656336    6.9876913 
        0.28    19.586491    6.9171505 
       0.281    19.517331    6.8474584 
       0.282    19.448873    6.7786509 
       0.283    19.381119    6.7107381 
       0.284    19.314023    6.6436319 
       0.285    19.247631    6.5774272 
       0.286    19.181885    6.5120152 
       0.287    19.116805    6.4474322 
       0.288    19.052376    6.3836619 
       0.289    18.988573    6.3206574 
        0.29    18.925431    6.2584788 
       0.291    18.862884    6.1970174 
       0.292    18.800986    6.1363766 
       0.293    18.739674    6.0764302 
       0.294    18.678987    6.0172704 
       0.295    18.618874    5.9587916 
       0.296    18.559371    5.9010735 
       0.297    18.500426    5.8440174 
       0.298     18.44208    5.7877036 
       0.299    18.384274    5.7320267 
         0.3     18.32706    5.6770819 
       0.301    18.270373    5.6227581 
       0.302    18.214256    5.5691307 
       0.303    18.158664     5.516126 
       0.304    18.103615    5.4637751 
       0.305    18.049091    5.4120537 
       0.306     17.99508     5.360939 
       0.307    17.941601    5.3104684 
       0.308    17.888612    5.2605721 
       0.309    17.836145    5.2113016 
        0.31    17.784168    5.1626102 
       0.311    17.732674    5.1144852 
       0.312    17.681682    5.0669651 
       0.313    17.631158    5.0199899 
       0.314    17.581107    4.9735725 
       0.315    17.531536     4.927725 
       0.316    17.482417    4.8824035 
       0.317    17.433759    4.8376225 
       0.318    17.385559    4.7933847 
       0.319    17.337799    4.7496558 
        0.32    17.290475    4.7064375 
       0.321    17.243604    4.6637523 
       0.322    17.197156    4.6215578 
       0.323     17.15113      4.57985 
       0.324    17.105531     4.538646 
       0.325    17.060351    4.4979284 
       0.326    17.015577    4.4576798 
       0.327    16.971208    4.4178966 
       0.328    16.927249    4.3785941 
       0.329    16.883686    4.3397512 
        0.33    16.840513    4.3013567 
       0.331    16.797726    4.2634058 
       0.332    16.755324    4.2258981 
       0.333    16.713307    4.1888407 
       0.334    16.671662    4.1522105 
       0.335    16.630388    4.1160043 
       0.336    16.589478    4.0802162 
       0.337    16.548928    4.0448416 
       0.338     16.50874    4.0098841 
       0.339    16.468908     3.975337 
        0.34    16.429424     3.941189 
       0.341    16.390286    3.9074358 
       0.342    16.351488    3.8740718 
       0.343    16.313027    3.8410931 
       0.344      16.2749    3.8084961 
       0.345    16.237104    3.7762765 
       0.346    16.199632    3.7444293 
       0.347    16.162486    3.7129564 
       0.348     16.12566     3.681847 
       0.349    16.089148    3.6510962 
        0.35    16.052946    3.6206996 
       0.351    16.017053    3.5906544 
       0.352    15.981464    3.5609562 
       0.353    15.946175    3.5315998 
       0.354    15.911184    3.5025827 
       0.355    15.876486    3.4739002 
       0.356    15.842079    3.4455479 
       0.357     15.80796    3.4175234 
       0.358    15.774124    3.3898218 
       0.359    15.740568    3.3624392 
        0.36    15.707291    3.3353726 
       0.361    15.674287    3.3086178 
       0.362    15.641554    3.2821708 
       0.363    15.609089    3.2560286 
       0.364    15.576888    3.2301875 
       0.365     15.54495    3.2046438 
       0.366    15.513268    3.1793935 
       0.367    15.481845    3.1544355 
       0.368    15.450675     3.129768 
       0.369    15.419755    3.1053843 
        0.37    15.389082    3.0812819 
       0.371    15.358652    3.0574557 
       0.372    15.328464    3.0339038 
       0.373    15.298514    3.0106226 
       0.374    15.268797    2.9876082 
       0.375    15.239315     2.964859 
       0.376    15.210065    2.9423768 
       0.377    15.181043    2.9201537 
       0.378    15.152245    2.8981861 
       0.379    15.123668    2.8764698 
        0.38    15.095312    2.8550036 
       0.381    15.067172    2.8337849 
       0.382    15.039249    2.8128156 
       0.383    15.011538    2.7920876 
       0.384    14.984035    2.7715962 
       0.385    14.956738      2.75134 
       0.386    14.929649    2.7313221 
       0.387    14.902763     2.711536 
       0.388    14.876075    2.6919768 
       0.389    14.849583    2.6726403 
        0.39    14.823291    2.6535344 
       0.391    14.797191    2.6346482 
       0.392    14.771283    2.6159797 
       0.393     14.74556    2.5975248 
       0.394    14.720024    2.5792869 
       0.395    14.694675    2.5612606 
       0.396    14.669505    2.5434393 
       0.397    14.644518    2.5258313 
       0.398    14.619705     2.508423 
       0.399     14.59507    2.4912164 
         0.4    14.570611    2.4742153 
       0.401    14.546319    2.4574064 
       0.402    14.522197    2.4407929 
       0.403    14.498248    2.4243781 
       0.404     14.47446    2.4081491 
       0.405    14.450835    2.3921111 
       0.406    14.427373    2.3762601 
       0.407    14.404071    2.3605925 
       0.408    14.380928    2.3451113 
       0.409    14.357937    2.3298053 
        0.41    14.335104    2.3146829 
       0.411    14.312423    2.2997358 
       0.412    14.289892    2.2849634 
       0.413    14.267507    2.2703624 
       0.414    14.245271    2.2559328 
       0.415    14.223182    2.2416745 
       0.416    14.201234    2.2275808 
       0.417    14.179427    2.2136531 
       0.418     14.15776    2.1998871 
       0.419    14.136234    2.1862863 
        0.42    14.114843    2.1728428 
       0.421    14.093586    2.1595582 
       0.422    14.072461    2.1464276 
       0.423    14.051471    2.1334541 
       0.424     14.03061    2.1206334 
       0.425    14.009877    2.1079619 
       0.426     13.98927    2.0954408 
       0.427    13.968788    2.0830651 
       0.428    13.948434    2.0708403 
       0.429    13.928199    2.0587565 
        0.43    13.908085     2.046816 
       0.431     13.88809    2.0350163 
       0.432    13.868213     2.023355 
       0.433    13.848455    2.0118359 
       0.434    13.828811    2.0004505 
       0.435    13.809278    1.9891987 
       0.436    13.789859    1.9780827 
       0.437    13.770551    1.9670971 
       0.438    13.751352    1.9562426 
       0.439    13.732263    1.9455183 
        0.44    13.713278    1.9349192 
       0.441    13.694398    1.9244456 
       0.442    13.675625    1.9140996 
       0.443    13.656954    1.9038758 
       0.444    13.638384    1.8937724 
       0.445    13.619914     1.883791 
       0.446    13.601543    1.8739279 
       0.447     13.58327    1.8641824 
       0.448    13.565093    1.8545526 
       0.449    13.547013    1.8450407 
        0.45    13.529027    1.8356409 
       0.451    13.511132    1.8263527 
       0.452    13.493329    1.8171744 
       0.453    13.475618    1.8081091 
       0.454    13.457997    1.7991525 
       0.455    13.440464    1.7903021 
       0.456    13.423018    1.7815576 
       0.457    13.405657    1.7729172 
       0.458    13.388381    1.7643813 
       0.459    13.371191     1.755949 
        0.46    13.354083    1.7476182 
       0.461    13.337057    1.7393868 
       0.462    13.320112    1.7312541 
       0.463    13.303246    1.7232191 
       0.464    13.286458    1.7152802 
       0.465    13.269749    1.7074381 
       0.466    13.253117    1.6996915 
       0.467    13.236561    1.6920376 
       0.468    13.220079    1.6844763 
       0.469    13.203671    1.6770055 
        0.47    13.187336    1.6696248 
       0.471    13.171072    1.6623332 
       0.472     13.15488    1.6551301 
       0.473    13.138758     1.648014 
       0.474    13.122706    1.6409842 
       0.475    13.106721     1.634039 
       0.476    13.090804     1.627178 
       0.477    13.074953    1.6203996 
       0.478    13.059168    1.6137036 
       0.479    13.043448    1.6070883 
        0.48    13.027792    1.6005538 
       0.481    13.012199    1.5940984 
       0.482    12.996669    1.5877211 
       0.483    12.981199    1.5814211 
       0.484    12.965791    1.5751975 
       0.485    12.950442    1.5690488 
       0.486    12.935153     1.562975 
       0.487    12.919921    1.5569745 
       0.488    12.904748    1.5510472 
       0.489    12.889631    1.5451914 
        0.49    12.874571    1.5394071 
       0.491    12.859566    1.5336925 
       0.492    12.844615    1.5280472 
       0.493    12.829718    1.5224706 
       0.494    12.814875    1.5169618 
       0.495    12.800084    1.5115195 
       0.496    12.785344    1.5061431 
       0.497    12.770656    1.5008318 
       0.498    12.756018    1.4955848 
       0.499     12.74143    1.4904012 
         0.5    12.726891    1.4852811 
       0.501    12.712401    1.4802231 
       0.502    12.697959    1.4752261 
       0.503    12.683563    1.4702893 
       0.504    12.669214     1.465412 
       0.505    12.654911    1.4605939 
       0.506    12.640654    1.4558344 
       0.507    12.626441    1.4511322 
       0.508    12.612272    1.4464864 
       0.509    12.598146    1.4418965 
        0.51    12.584064    1.4373629 
       0.511    12.570025    1.4328838 
       0.512    12.556026    1.4284581 
       0.513     12.54207    1.4240861 
       0.514    12.528154     1.419767 
       0.515    12.514278    1.4154995 
       0.516    12.500442    1.4112828 
       0.517    12.486646    1.4071177 
       0.518    12.472887    1.4030021 
       0.519    12.459167    1.3989353 
        0.52    12.445485     1.394918 
       0.521    12.431839    1.3909484 
       0.522     12.41823    1.3870258 
       0.523    12.404658    1.3831508 
       0.524    12.391121    1.3793216 
       0.525    12.377618    1.3755377 
       0.526    12.364152    1.3717994 
       0.527    12.350719    1.3681049 
       0.528     12.33732    1.3644546 
       0.529    12.323954    1.3608478 
        0.53    12.310621    1.3572829 
       0.531    12.297322    1.3537609 
       0.532    12.284053    1.3502797 
       0.533    12.270817    1.3468404 
       0.534    12.257612    1.3434407 
       0.535    12.244438    1.3400815 
       0.536    12.231294    1.3367611 
       0.537    12.218181    1.3334798 
       0.538    12.205097    1.3302368 
       0.539    12.192042    1.3270315 
        0.54    12.179016    1.3238635 
       0.541    12.166019    1.3207321 
       0.542     12.15305     1.317637 
       0.543    12.140109    1.3145777 
       0.544    12.127195    1.3115535 
       0.545    12.114308    1.3085643 
       0.546    12.101448    1.3056089 
       0.547    12.088615    1.3026879 
       0.548    12.075808    1.2997996 
       0.549    12.063027    1.2969448 
        0.55     12.05027    1.2941218 
       0.551     12.03754     1.291331 
       0.552    12.024834    1.2885717 
       0.553    12.012152    1.2858431 
       0.554    11.999495    1.2831457 
       0.555    11.986861    1.2804779 
       0.556    11.974253    1.2778408 
       0.557    11.961666    1.2752322 
       0.558    11.949103     1.272652 
       0.559    11.936562    1.2701006 
        0.56    11.924045    1.2675775 
       0.561    11.911549    1.2650819 
       0.562    11.899076    1.2626135 
       0.563    11.886624    1.2601718 
       0.564    11.874193    1.2577561 
       0.565    11.861784    1.2553665 
       0.566    11.849396    1.2530032 
       0.567    11.837029    1.2506652 
       0.568    11.824682    1.2483516 
       0.569    11.812356    1.2460626 
        0.57    11.800049    1.2437976 
       0.571    11.787762    1.2415561 
       0.572    11.775495    1.2393382 
       0.573    11.763248    1.2371438 
       0.574     11.75102     1.234972 
       0.575    11.738811    1.2328224 
       0.576     11.72662    1.2306945 
       0.577    11.714448    1.2285883 
       0.578    11.702295    1.2265035 
       0.579    11.690159    1.2244396 
        0.58    11.678042    1.2223964 
       0.581    11.665943    1.2203735 
       0.582    11.653861    1.2183707 
       0.583    11.641797    1.2163874 
       0.584    11.629751    1.2144237 
       0.585    11.617721    1.2124788 
       0.586    11.605708    1.2105526 
       0.587    11.593712    1.2086448 
       0.588    11.581733    1.2067551 
       0.589     11.56977    1.2048833 
        0.59    11.557824    1.2030291 
       0.591    11.545894    1.2011922 
       0.592    11.533981    1.1993722 
       0.593    11.522083    1.1975689 
       0.594    11.510201     1.195782 
       0.595    11.498334    1.1940113 
       0.596    11.486484    1.1922563 
       0.597    11.474648    1.1905169 
       0.598    11.462828    1.1887928 
       0.599    11.451023    1.1870836 
         0.6    11.439233    1.1853893 
       0.601    11.427458    1.1837095 
       0.602    11.415698     1.182044 
       0.603    11.403953    1.1803925 
       0.604    11.392222    1.1787547 
       0.605    11.380506    1.1771304 
       0.606    11.368804    1.1755195 
       0.607    11.357117    1.1739215 
       0.608    11.345444    1.1723362 
       0.609    11.333784    1.1707636 
        0.61    11.322139    1.1692034 
       0.611    11.310508    1.1676555 
       0.612    11.298891    1.1661194 
       0.613    11.287288    1.1645949 
       0.614    11.275698    1.1630819 
       0.615    11.264122      1.16158 
       0.616     11.25256    1.1600891 
       0.617    11.241011    1.1586089 
       0.618    11.229475    1.1571393 
       0.619    11.217953    1.1556804 
        0.62    11.206445    1.1542316 
       0.621    11.194949    1.1527928 
       0.622    11.183467    1.1513637 
       0.623    11.171997    1.1499441 
       0.624    11.160541    1.1485339 
       0.625    11.149098    1.1471331 
       0.626    11.137668    1.1457412 
       0.627     11.12625    1.1443582 
       0.628    11.114846    1.1429839 
       0.629    11.103454     1.141618 
        0.63    11.092075    1.1402604 
       0.631    11.080709    1.1389109 
       0.632    11.069356    1.1375694 
       0.633    11.058015    1.1362356 
       0.634    11.046687    1.1349094 
       0.635    11.035371    1.1335907 
       0.636    11.024068    1.1322792 
       0.637    11.012777    1.1309749 
       0.638    11.001499    1.1296774 
       0.639    10.990234    1.1283867 
        0.64    10.978981    1.1271028 
       0.641     10.96774    1.1258255 
       0.642    10.956512    1.1245544 
       0.643    10.945296    1.1232894 
       0.644    10.934093    1.1220306 
       0.645    10.922901    1.1207776 
       0.646    10.911723    1.1195304 
       0.647    10.900556    1.1182887 
       0.648    10.889402    1.1170525 
       0.649     10.87826    1.1158217 
        0.65    10.867131     1.114596 
       0.651    10.856013    1.1133754 
       0.652    10.844908      1.11216 
       0.653    10.833816    1.1109492 
       0.654    10.822735    1.1097431 
       0.655    10.811667    1.1085416 
       0.656    10.800611    1.1073444 
       0.657    10.789568    1.1061516 
       0.658    10.778536     1.104963 
       0.659    10.767517    1.1037784 
        0.66    10.756511    1.1025979 
       0.661    10.745516    1.1014212 
       0.662    10.734534    1.1002482 
       0.663    10.723564    1.0990788 
       0.664    10.712606    1.0979129 
       0.665    10.701661    1.0967504 
       0.666    10.690728    1.0955912 
       0.667    10.679808    1.0944353 
       0.668    10.668899    1.0932824 
       0.669    10.658003    1.0921325 
        0.67     10.64712    1.0909854 
       0.671    10.636249    1.0898411 
       0.672     10.62539    1.0886997 
       0.673    10.614544    1.0875608 
       0.674     10.60371    1.0864243 
       0.675    10.592888    1.0852903 
       0.676    10.582079    1.0841585 
       0.677    10.571283    1.0830292 
       0.678    10.560499    1.0819019 
       0.679    10.549728    1.0807766 
        0.68    10.538969    1.0796533 
       0.681    10.528223     1.078532 
       0.682    10.517489    1.0774124 
       0.683    10.506768    1.0762946 
       0.684     10.49606    1.0751784 
       0.685    10.485364    1.0740638 
       0.686    10.474681    1.0729508 
       0.687    10.464011    1.0718391 
       0.688    10.453353    1.0707288 
       0.689    10.442709    1.0696198 
        0.69    10.432077    1.0685119 
       0.691    10.421458    1.0674052 
       0.692    10.410851    1.0662997 
       0.693    10.400258    1.0651951 
       0.694    10.389678    1.0640914 
       0.695     10.37911    1.0629886 
       0.696    10.368556    1.0618867 
       0.697    10.358014    1.0607854 
       0.698    10.347486    1.0596849 
       0.699    10.336971     1.058585 
         0.7    10.326468    1.0574857 
       0.701    10.315979    1.0563868 
       0.702    10.305503    1.0552885 
       0.703    10.295041    1.0541905 
       0.704    10.284591    1.0530929 
       0.705    10.274155    1.0519956 
       0.706    10.263732    1.0508985 
       0.707    10.253322    1.0498017 
       0.708    10.242926    1.0487049 
       0.709    10.232543    1.0476083 
        0.71    10.222173    1.0465117 
       0.711    10.211817    1.0454151 
       0.712    10.201474    1.0443185 
       0.713    10.191145    1.0432218 
       0.714    10.180829    1.0421249 
       0.715    10.170527    1.0410279 
       0.716    10.160239    1.0399307 
       0.717    10.149964    1.0388332 
       0.718    10.139703    1.0377353 
       0.719    10.129455    1.0366372 
        0.72    10.119221    1.0355387 
       0.721    10.109001    1.0344398 
       0.722    10.098795    1.0333405 
       0.723    10.088603    1.0322406 
       0.724    10.078424    1.0311403 
       0.725    10.068259    1.0300394 
       0.726    10.058108    1.0289379 
       0.727    10.047971    1.0278358 
       0.728    10.037848    1.0267331 
       0.729    10.027739    1.0256297 
        0.73    10.017644    1.0245256 
       0.731    10.007563    1.0234209 
       0.732    9.9974963    1.0223153 
       0.733    9.9874435    1.0212089 
       0.734    9.9774048    1.0201018 
       0.735    9.9673802    1.0189938 
       0.736    9.9573698     1.017885 
       0.737    9.9473736    1.0167753 
       0.738    9.9373916    1.0156647 
       0.739    9.9274238    1.0145532 
        0.74    9.9174703    1.0134407 
       0.741    9.9075311    1.0123273 
       0.742    9.8976062    1.0112129 
       0.743    9.8876956    1.0100975 
       0.744    9.8777994    1.0089811 
       0.745    9.8679175    1.0078636 
       0.746    9.8580501    1.0067451 
       0.747     9.848197    1.0056255 
       0.748    9.8383584    1.0045049 
       0.749    9.8285342    1.0033832 
        0.75    9.8187245    1.0022603 
       0.751    9.8089293    1.0011364 
       0.752    9.7991486    1.0000112 
       0.753    9.7893824   0.99888501 
       0.754    9.7796308    0.9977576 
       0.755    9.7698937   0.99662904 
       0.756    9.7601711   0.99549929 
       0.757    9.7504631   0.99436837 
       0.758    9.7407697   0.99323626 
       0.759     9.731091   0.99210294 
        0.76    9.7214268   0.99096842 
       0.761    9.7117772   0.98983266 
       0.762    9.7021422   0.98869572 
       0.763    9.6925219   0.98755751 
       0.764    9.6829163   0.98641812 
       0.765    9.6733252   0.98527746 
       0.766    9.6637489   0.98413557 
       0.767    9.6541871   0.98299243 
       0.768    9.6446401   0.98184807 
       0.769    9.6351077   0.98070242 
        0.77      9.62559   0.97955558 
       0.771    9.6160869   0.97840743 
       0.772    9.6065985   0.97725809 
       0.773    9.5971248   0.97610746 
       0.774    9.5876658   0.97495561 
       0.775    9.5782214   0.97380249 
       0.776    9.5687916   0.97264814 
       0.777    9.5593766   0.97149253 
       0.778    9.5499761   0.97033569 
       0.779    9.5405903   0.96917759 
        0.78    9.5312192   0.96801827 
       0.781    9.5218627   0.96685769 
       0.782    9.5125208   0.96569592 
       0.783    9.5031935   0.96453288 
       0.784    9.4938809   0.96336864 
       0.785    9.4845828   0.96220316 
       0.786    9.4752993   0.96103647 
       0.787    9.4660303   0.95986858 
       0.788     9.456776   0.95869945 
       0.789    9.4475361   0.95752915 
        0.79    9.4383108   0.95635764 
       0.791    9.4291001   0.95518499 
       0.792    9.4199038   0.95401111 
       0.793    9.4107219     0.952836 
       0.794    9.4015545   0.95165975 
       0.795    9.3924016   0.95048238 
       0.796    9.3832631    0.9493038 
       0.797    9.3741389   0.94812401 
       0.798    9.3650292   0.94694319 
       0.799    9.3559339   0.94576119 
         0.8    9.3468528   0.94457801 
       0.801    9.3377861   0.94339375 
       0.802    9.3287336   0.94220841 
       0.803    9.3196954    0.9410219 
       0.804    9.3106714   0.93983429 
       0.805    9.3016617   0.93864566 
       0.806    9.2926662    0.9374559 
       0.807    9.2836847   0.93626504 
       0.808    9.2747175   0.93507319 
       0.809    9.2657643   0.93388026 
        0.81    9.2568251   0.93268624 
       0.811       9.2479   0.93149125 
       0.812     9.238989   0.93029524 
       0.813    9.2300918   0.92909816 
       0.814    9.2212087   0.92790012 
       0.815    9.2123394   0.92670111 
       0.816     9.203484   0.92550107 
       0.817    9.1946424   0.92430008 
       0.818    9.1858147   0.92309816 
       0.819    9.1770007   0.92189526 
        0.82    9.1682004   0.92069142 
       0.821    9.1594139    0.9194867 
       0.822    9.1506409   0.91828102 
       0.823    9.1418816   0.91707445 
       0.824    9.1331359   0.91586703 
       0.825    9.1244037   0.91465869 
       0.826     9.115685   0.91344949 
       0.827    9.1069798   0.91223948 
       0.828     9.098288   0.91102858 
       0.829    9.0896095   0.90981687 
        0.83    9.0809444   0.90860437 
       0.831    9.0722926   0.90739103 
       0.832     9.063654   0.90617692 
       0.833    9.0550286   0.90496206 
       0.834    9.0464164   0.90374639 
       0.835    9.0378173   0.90253001 
       0.836    9.0292312   0.90131289 
       0.837    9.0206582   0.90009501 
       0.838    9.0120981   0.89887647 
       0.839     9.003551   0.89765723 
        0.84    8.9950167   0.89643727 
       0.841    8.9864953   0.89521669 
       0.842    8.9779866   0.89399543 
       0.843    8.9694907   0.89277353 
       0.844    8.9610075   0.89155103 
       0.845    8.9525369   0.89032789 
       0.846    8.9440788   0.88910416 
       0.847    8.9356333   0.88787986 
       0.848    8.9272003   0.88665497 
       0.849    8.9187797   0.88542955 
        0.85    8.9103715   0.88420359 
       0.851    8.9019756   0.88297708 
       0.852     8.893592   0.88175009 
       0.853    8.8852206   0.88052258 
       0.854    8.8768614   0.87929461 
       0.855    8.8685143   0.87806617 
       0.856    8.8601792   0.87683726 
       0.857    8.8518561   0.87560795 
       0.858     8.843545   0.87437819 
       0.859    8.8352458   0.87314803 
        0.86    8.8269584   0.87191749 
       0.861    8.8186828   0.87068656 
       0.862    8.8104189   0.86945528 
       0.863    8.8021667   0.86822366 
       0.864    8.7939261   0.86699169 
       0.865    8.7856971   0.86575943 
       0.866    8.7774796   0.86452684 
       0.867    8.7692735     0.863294 
       0.868    8.7610787   0.86206087 
       0.869    8.7528953   0.86082749 
        0.87    8.7447232   0.85959388 
       0.871    8.7365623   0.85836003 
       0.872    8.7284126     0.857126 
       0.873    8.7202739   0.85589176 
       0.874    8.7121462   0.85465734 
       0.875    8.7040296   0.85342278 
       0.876    8.6959238   0.85218805 
       0.877     8.687829   0.85095322 
       0.878    8.6797449   0.84971825 
       0.879    8.6716715    0.8484832 
        0.88    8.6636088   0.84724806 
       0.881    8.6555568   0.84601285 
       0.882    8.6475153    0.8447776 
       0.883    8.6394843    0.8435423 
       0.884    8.6314637     0.842307 
       0.885    8.6234535   0.84107168 
       0.886    8.6154536   0.83983638 
       0.887     8.607464   0.83860111 
       0.888    8.5994846   0.83736587 
       0.889    8.5915153   0.83613071 
        0.89     8.583556    0.8348956 
       0.891    8.5756068    0.8336606 
       0.892    8.5676676    0.8324257 
       0.893    8.5597382   0.83119092 
       0.894    8.5518187   0.82995628 
       0.895    8.5439089   0.82872179 
       0.896    8.5360089   0.82748747 
       0.897    8.5281185   0.82625333 
       0.898    8.5202377   0.82501941 
       0.899    8.5123664   0.82378568 
         0.9    8.5045045    0.8225522 
       0.901    8.4966521   0.82131896 
       0.902    8.4888091   0.82008598 
       0.903    8.4809753   0.81885328 
       0.904    8.4731507   0.81762088 
       0.905    8.4653353   0.81638878 
       0.906     8.457529   0.81515701 
       0.907    8.4497317   0.81392559 
       0.908    8.4419435   0.81269451 
       0.909    8.4341641   0.81146381 
        0.91    8.4263936   0.81023349 
       0.911    8.4186319   0.80900359 
       0.912     8.410879   0.80777409 
       0.913    8.4031347   0.80654503 
       0.914    8.3953991   0.80531641 
       0.915     8.387672   0.80408827 
       0.916    8.3799534    0.8028606 
       0.917    8.3722433   0.80163343 
       0.918    8.3645416   0.80040676 
       0.919    8.3568482   0.79918063 
        0.92    8.3491631   0.79795502 
       0.921    8.3414861   0.79672999 
       0.922    8.3338174   0.79550551 
       0.923    8.3261567   0.79428163 
       0.924    8.3185041   0.79305834 
       0.925    8.3108595   0.79183567 
       0.926    8.3032227   0.79061363 
       0.927    8.2955939   0.78939224 
       0.928    8.2879729   0.78817151 
       0.929    8.2803596   0.78695145 
        0.93     8.272754   0.78573208 
       0.931    8.2651561   0.78451343 
       0.932    8.2575657   0.78329548 
       0.933    8.2499829   0.78207828 
       0.934    8.2424076   0.78086182 
       0.935    8.2348397   0.77964614 
       0.936    8.2272792   0.77843122 
       0.937     8.219726    0.7772171 
       0.938      8.21218   0.77600379 
       0.939    8.2046413   0.77479131 
        0.94    8.1971097   0.77357965 
       0.941    8.1895852   0.77236885 
       0.942    8.1820678   0.77115892 
       0.943    8.1745573   0.76994987 
       0.944    8.1670538    0.7687417 
       0.945    8.1595573   0.76753445 
       0.946    8.1520675   0.76632812 
       0.947    8.1445846   0.76512273 
       0.948    8.1371084   0.76391829 
       0.949    8.1296389   0.76271482 
        0.95     8.122176   0.76151232 
       0.951    8.1147198   0.76031082 
       0.952    8.1072701   0.75911032 
       0.953    8.0998269   0.75791084 
       0.954    8.0923901    0.7567124 
       0.955    8.0849598     0.755515 
       0.956    8.0775358   0.75431867 
       0.957    8.0701182   0.75312341 
       0.958    8.0627068   0.75192925 
       0.959    8.0553016   0.75073618 
        0.96    8.0479026   0.74954423 
       0.961    8.0405098   0.74835341 
       0.962     8.033123   0.74716373 