           0    25069.856 6.1242679e+08 
       0.001    21534.738 5.7559007e+08 
       0.002    17662.943 5.1073066e+08 
       0.003     13454.47 4.1530104e+08 
       0.004    8909.3195 2.8675371e+08 
       0.005    4027.4909 1.2254113e+08 
       0.006    778.73295    4219.0014 
       0.007    751.01441    4107.3471 
       0.008    721.61595     3927.449 
       0.009    690.53759    3675.2925 
        0.01    657.77931    3346.8634 
       0.011    623.34112    2938.1472 
       0.012    587.22302    2445.1297 
       0.013    566.76425    2318.1646 
       0.014    547.37887     2213.666 
       0.015    527.16859    2082.9604 
       0.016    506.13339    1924.9558 
       0.017    484.27328    1738.5603 
       0.018    469.24436    1667.0745 
       0.019    454.23138    1591.7523 
        0.02    438.69163    1502.2343 
       0.021    422.62511     1398.031 
       0.022    409.54366    1333.1292 
       0.023    397.26402    1277.2212 
       0.024    384.60654    1212.3068 
       0.025      371.746    1140.4399 
       0.026    361.46731    1099.6817 
       0.027    350.89908    1052.7256 
       0.028    340.04131    999.39948 
       0.029    330.50957    959.30508 
        0.03     321.3617    921.96389 
       0.031    311.98224     879.9185 
       0.032    303.48132    845.53187 
       0.033    295.36821    813.92964 
       0.034    287.06422    778.67561 
       0.035    279.63943    750.94208 
       0.036    272.31831    723.05471 
       0.037    264.96416    693.47727 
       0.038    258.40995    670.53436 
       0.039    251.71776    645.21054 
        0.04    245.40968     622.3454 
       0.041    239.35135     600.8993 
       0.042    233.30165    578.58108 
       0.043    227.76383    559.96902 
       0.044    222.12052    539.65761 
       0.045    216.93256    522.45506 
       0.046    211.73663    504.52205 
       0.047    206.81385    488.14515 
       0.048    201.99792    472.05579 
       0.049    197.35656    456.74541 
        0.05    192.86767    442.11733 
       0.051    188.50856    427.95123 
       0.052    184.30431    414.50412 
       0.053    180.21984    401.47617 
       0.054    176.26576    389.00009 
       0.055    172.44384    377.06228 
       0.056    168.71149    365.39698 
       0.057    165.13787    354.48201 
       0.058     161.6035     343.5031 
       0.059    158.26315    333.53665 
        0.06    154.93545    323.34203 
       0.061    151.78461    314.05335 
       0.062    148.67842    304.77267 
       0.063    145.67058    295.88193 
       0.064    142.76971    287.43036 
       0.065    139.90327    278.96106 
       0.066    137.18196    271.19316 
       0.067    134.50381    263.47326 
       0.068    131.89056    255.95516 
       0.069    129.38667    248.91521 
        0.07    126.92186    241.92313 
       0.071    124.53087    235.20245 
       0.072    122.22402    228.81414 
       0.073    119.95844    222.50613 
       0.074     117.7571    216.42316 
       0.075    115.63404    210.64776 
       0.076    113.55198    204.96549 
       0.077    111.51426    199.40288 
       0.078    109.56058     194.1897 
       0.079    107.64628    189.07203 
        0.08    105.77299     184.0647 
       0.081    103.95244    179.23745 
       0.082    102.19089    174.62574 
       0.083    100.46743    170.11661 
       0.084     98.78264    165.71705 
       0.085    97.140871    161.45385 
       0.086    95.553213    157.38787 
       0.087     94.00094    153.42044 
       0.088    92.484083    149.55462 
       0.089    91.002475    145.79209 
        0.09    89.559516     142.1527 
       0.091     88.15942    138.65943 
       0.092    86.791275    135.25742 
       0.093    85.454727     131.9469 
       0.094     84.14933    128.72746 
       0.095    82.874566    125.59818 
       0.096    81.629862    122.55774 
       0.097    80.420647    119.63436 
       0.098    79.239723    116.79336 
       0.099    78.085945    114.03054 
         0.1    76.958755    111.34448 
       0.101    75.857569    108.73361 
       0.102    74.781791    106.19623 
       0.103    73.730811    103.73052 
       0.104    72.704018    101.33461 
       0.105    71.700797    99.006583 
       0.106    70.720535    96.744506 
       0.107    69.762627    94.546441 
       0.108    68.826473    92.410457 
       0.109    67.911801    90.336111 
        0.11    67.017975    88.321239 
       0.111    66.143888     86.36154 
       0.112    65.289015    84.455382 
       0.113    64.452842    82.601154 
       0.114    63.634865    80.797271 
       0.115    62.834588    79.042179 
       0.116    62.051789    77.335499 
       0.117    61.286211    75.676667 
       0.118     60.53702    74.062587 
       0.119    59.803753    72.491783 
        0.12    59.085961     70.96283 
       0.121    58.383207    69.474347 
       0.122    57.695067    68.025004 
       0.123    57.021132    66.613516 
       0.124    56.361003    65.238643 
       0.125    55.714295    63.899189 
       0.126    55.080635    62.594002 
       0.127     54.45966    61.321968 
       0.128    53.851019    60.082017 
       0.129    53.255867    58.879206 
        0.13    52.672556    57.707111 
       0.131    52.100583     56.56398 
       0.132    51.539625    55.448873 
       0.133    50.989374    54.360889 
       0.134    50.449561    53.299184 
       0.135    49.920842    52.266683 
       0.136    49.402823    51.262074 
       0.137    48.894387    50.281139 
       0.138    48.395267    49.323132 
       0.139    47.905207    48.387335 
        0.14    47.425101     47.47735 
       0.141    46.954283    46.590819 
       0.142    46.491782    45.724296 
       0.143    46.037403    44.877191 
       0.144    45.591755    44.051974 
       0.145    45.154755    43.248574 
       0.146     44.72522    42.462681 
       0.147    44.302971    41.693783 
       0.148    43.889172    40.946401 
       0.149    43.482625    40.216239 
        0.15    43.082786    39.501424 
       0.151    42.690262     38.80435 
       0.152    42.304991    38.124912 
       0.153    41.925902    37.459346 
       0.154    41.553503    36.809639 
       0.155    41.187928    36.176373 
       0.156     40.82806    35.555662 
       0.157    40.474639    34.950279 
       0.158    40.127316    34.359067 
       0.159    39.785263    33.779232 
        0.16    39.449704    33.215151 
       0.161    39.119304    32.662271 
       0.162    38.794313    32.121541 
       0.163    38.475006    31.594003 
       0.164    38.160317    31.076102 
       0.165    37.851503    30.572159 
       0.166    37.547127    30.077438 
       0.167    37.247944    29.594499 
       0.168    36.953399    29.121586 
       0.169    36.663514    28.658845 
        0.17    36.378329    28.206445 
       0.171    36.097422    27.763087 
       0.172    35.821149    27.329986 
       0.173    35.548898    26.905188 
       0.174    35.281124    26.490257 
       0.175    35.017204      26.0832 
       0.176    34.757541    25.685384 
       0.177    34.501635    25.295264 
       0.178    34.249711    24.913576 
       0.179    34.001526    24.539618 
        0.18    33.756981    24.173128 
       0.181     33.51622    23.814575 
       0.182    33.278726    23.462422 
       0.183    33.045106    23.118545 
       0.184    32.814568    22.780577 
       0.185    32.587595    22.450021 
       0.186    32.363821    22.125785 
       0.187    32.143131    21.807581 
       0.188    31.925857    21.496408 
       0.189    31.711438    21.190641 
        0.19    31.500161    20.891137 
       0.191    31.291891    20.597556 
       0.192    31.086346    20.309103 
       0.193    30.883865    20.026733 
       0.194    30.684144    19.749637 
       0.195    30.487028    19.477388 
       0.196    30.292769    19.210737 
       0.197    30.101144    18.949049 
       0.198    29.912017    18.691937 
       0.199    29.725483    18.439739 
         0.2    29.541539    18.192448 
       0.201    29.359954    17.949444 
       0.202    29.180715    17.710678 
       0.203    29.004007     17.47669 
       0.204     28.82959    17.246858 
       0.205    28.657391     17.02099 
       0.206    28.487381    16.799022 
       0.207    28.319701    16.581325 
       0.208    28.154183    16.367485 
       0.209    27.990741    16.157292 
        0.21     27.82935    15.950687 
       0.211    27.669987     15.74761 
       0.212    27.512769    15.548384 
       0.213      27.3575    15.352519 
       0.214    27.204149    15.159946 
       0.215    27.052695     14.97061 
       0.216    26.903111    14.784448 
       0.217    26.755365      14.6014 
       0.218     26.60951    14.421624 
       0.219    26.465435    14.244832 
        0.22    26.323115    14.070954 
       0.221    26.182513    13.899926 
       0.222    26.043602    13.731693 
       0.223    25.906359    13.566202 
       0.224    25.770763    13.403401 
       0.225    25.636785    13.243233 
       0.226    25.504398    13.085645 
       0.227    25.373578    12.930585 
       0.228    25.244331    12.778063 
       0.229    25.116607    12.627971 
        0.23     24.99037    12.480241 
       0.231    24.865602    12.334828 
       0.232    24.742286     12.19169 
       0.233    24.620395    12.050777 
       0.234    24.499906    11.912044 
       0.235    24.380795    11.775446 
       0.236    24.263048    11.640943 
       0.237    24.146644    11.508494 
       0.238    24.031556    11.378052 
       0.239    23.917767     11.24958 
        0.24     23.80526    11.123038 
       0.241    23.694015    10.998389 
       0.242    23.584029    10.875636 
       0.243    23.475267     10.75471 
       0.244    23.367717    10.635571 
       0.245    23.261355     10.51818 
       0.246    23.156161    10.402501 
       0.247    23.052119      10.2885 
       0.248    22.949215    10.176146 
       0.249    22.847428    10.065404 
        0.25     22.74674    9.9562398 
       0.251    22.647138    9.8486265 
       0.252    22.548638    9.7425995 
       0.253    22.451203    9.6380925 
       0.254    22.354806    9.5350461 
       0.255    22.259434    9.4334324 
       0.256     22.16507    9.3332238 
       0.257    22.071698    9.2343921 
       0.258    21.979335    9.1369792 
       0.259    21.887961    9.0409365 
        0.26    21.797537    8.9461925 
       0.261    21.708048    8.8527221 
       0.262    21.619482    8.7605019 
       0.263    21.531877    8.6696113 
       0.264    21.445177    8.5799416 
       0.265    21.359359    8.4914514 
       0.266    21.274415    8.4041205 
       0.267    21.190377    8.3180233 
       0.268    21.107198    8.2330678 
       0.269    21.024853     8.149206 
        0.27    20.943344    8.0664411 
       0.271    20.862698    7.9848357 
       0.272    20.782848    7.9042625 
       0.273    20.703799    7.8247109 
       0.274    20.625572    7.7462643 
       0.275    20.548121    7.6688108 
       0.276    20.471429    7.5923189 
       0.277    20.395534    7.5168804 
       0.278    20.320385    7.4423851 
       0.279    20.245963    7.3688053 
        0.28    20.172318    7.2962402 
       0.281    20.099377    7.2245509 
       0.282    20.027157     7.153774 
       0.283    19.955662    7.0839194 
       0.284    19.884844    7.0148951 
       0.285    19.814749    6.9467989 
       0.286    19.745318    6.8795177 
       0.287    19.676572    6.8130882 
       0.288    19.608496    6.7474936 
       0.289    19.541064    6.6826847 
        0.29     19.47431    6.6187229 
       0.291    19.408169    6.5554958 
       0.292    19.342696    6.4931097 
       0.293    19.277825    6.4314339 
       0.294    19.213597    6.3705631 
       0.295    19.149959    6.3103881 
       0.296    19.086949    6.2509907 
       0.297    19.024513    6.1922688 
       0.298    18.962692     6.134305 
       0.299    18.901428    6.0769903 
         0.3    18.840773    6.0204222 
       0.301    18.780661    5.9644865 
       0.302    18.721135    5.9092601 
       0.303     18.66215    5.8546673 
       0.304    18.603723    5.8007397 
       0.305    18.545837    5.7474521 
       0.306    18.488479    5.6947809 
       0.307     18.43167    5.6427643 
       0.308    18.375366    5.5913305 
       0.309    18.319599    5.5405319 
        0.31    18.264337    5.4903207 
       0.311    18.209574    5.4406835 
       0.312    18.155327      5.39166 
       0.313    18.101564    5.3431881 
       0.314    18.048288    5.2952813 
       0.315    17.995508    5.2479515 
       0.316    17.943194    5.2011537 
       0.317    17.891356    5.1549028 
       0.318     17.83999    5.1092013 
       0.319    17.789079    5.0640141 
        0.32    17.738619    5.0193429 
       0.321    17.688626    4.9752104 
       0.322    17.639071    4.9315735 
       0.323    17.589951    4.8884277 
       0.324    17.541274    4.8457907 
       0.325     17.49303    4.8036445 
       0.326    17.445206    4.7619713 
       0.327      17.3978    4.7207674 
       0.328     17.35082    4.6800484 
       0.329     17.30425    4.6397927 
        0.33    17.258084    4.5999888 
       0.331    17.212317    4.5606318 
       0.332     17.16695    4.5217212 
       0.333    17.121982    4.4832645 
       0.334      17.0774     4.445238 
       0.335    17.033202    4.4076382 
       0.336    16.989383    4.3704592 
       0.337    16.945938    4.3336964 
       0.338    16.902867    4.2973535 
       0.339    16.860168    4.2614236 
        0.34     16.81783    4.2258952 
       0.341    16.775852    4.1907639 
       0.342    16.734228    4.1560241 
       0.343    16.692954    4.1216718 
       0.344    16.652028    4.0877034 
       0.345    16.611446    4.0541143 
       0.346    16.571202    4.0208999 
       0.347    16.531299    3.9880619 
       0.348    16.491729    3.9555892 
       0.349    16.452486    3.9234772 
        0.35    16.413567    3.8917212 
       0.351     16.37497    3.8603185 
       0.352    16.336692    3.8292645 
       0.353    16.298726    3.7985542 
       0.354    16.261073    3.7681849 
       0.355    16.223726    3.7381519 
       0.356    16.186683     3.708451 
       0.357    16.149941    3.6790795 
       0.358    16.113497    3.6500327 
       0.359    16.077346    3.6213066 
        0.36    16.041486    3.5928981 
       0.361    16.005914    3.5648033 
       0.362    15.970625    3.5370178 
       0.363    15.935618    3.5095388 
       0.364     15.90089    3.4823627 
       0.365    15.866436    3.4554857 
       0.366    15.832253    3.4289038 
       0.367    15.798341    3.4026158 
       0.368    15.764696    3.3766204 
       0.369    15.731314    3.3509104 
        0.37    15.698193    3.3254834 
       0.371    15.665328    3.3003345 
       0.372    15.632717    3.2754615 
       0.373    15.600357    3.2508612 
       0.374    15.568245    3.2265294 
       0.375     15.53638    3.2024646 
       0.376    15.504761    3.1786689 
       0.377    15.473382    3.1551342 
       0.378    15.442242    3.1318569 
       0.379    15.411335    3.1088329 
        0.38    15.380661    3.0860607 
       0.381    15.350217    3.0635382 
       0.382    15.320003    3.0412673 
       0.383    15.290014    3.0192398 
       0.384    15.260246    2.9974508 
       0.385    15.230697    2.9758991 
       0.386    15.201369     2.954588 
       0.387    15.172256     2.933511 
       0.388    15.143355     2.912663 
       0.389    15.114662    2.8920398 
        0.39    15.086184    2.8716498 
       0.391    15.057909    2.8514818 
       0.392    15.029839    2.8315337 
       0.393    15.001967    2.8118017 
       0.394    14.974294    2.7922892 
       0.395    14.946821    2.7729907 
       0.396     14.91954    2.7538996 
       0.397    14.892455    2.7350247 
       0.398    14.865557    2.7163519 
       0.399    14.838849    2.6978832 
         0.4    14.812329     2.679623 
       0.401     14.78599    2.6615576 
       0.402    14.759832    2.6436902 
       0.403     14.73386    2.6260245 
       0.404    14.708062    2.6085472 
       0.405     14.68244    2.5912639 
       0.406    14.656992    2.5741705 
       0.407    14.631718    2.5572632 
       0.408    14.606614    2.5405455 
       0.409    14.581675    2.5240058 
        0.41    14.556906    2.5076529 
       0.411    14.532302    2.4914784 
       0.412    14.507859    2.4754815 
       0.413    14.483575    2.4596593 
       0.414    14.459452    2.4440116 
       0.415    14.435488    2.4285385 
       0.416    14.411678    2.4132332 
       0.417     14.38802    2.3980973 
       0.418    14.364514    2.3831263 
       0.419    14.341162    2.3683239 
        0.42    14.317957    2.3536821 
       0.421    14.294898    2.3392028 
       0.422    14.271982    2.3248808 
       0.423    14.249213    2.3107195 
       0.424    14.226586    2.2967145 
       0.425    14.204098    2.2828623 
       0.426    14.181748     2.269164 
       0.427    14.159535    2.2556147 
       0.428    14.137461    2.2422202 
       0.429    14.115518    2.2289702 
        0.43    14.093708    2.2158673 
       0.431    14.072028     2.202909 
       0.432    14.050478    2.1900927 
       0.433    14.029059    2.1774227 
       0.434    14.007764    2.1648901 
       0.435    13.986592    2.1524949 
       0.436    13.965546    2.1402396 
       0.437    13.944622    2.1281185 
       0.438    13.923819    2.1161324 
       0.439    13.903136    2.1042808 
        0.44    13.882569    2.0925582 
       0.441    13.862118    2.0809652 
       0.442    13.841786    2.0695039 
       0.443    13.821566    2.0581689 
       0.444    13.801459    2.0469584 
       0.445    13.781463    2.0358741 
       0.446    13.761576    2.0249123 
       0.447    13.741799    2.0140722 
       0.448    13.722128    2.0033521 
       0.449    13.702566    1.9927542 
        0.45    13.683108    1.9822728 
       0.451    13.663752    1.9719071 
       0.452    13.644498    1.9616556 
       0.453    13.625349    1.9515215 
       0.454    13.606299    1.9415006 
       0.455    13.587348    1.9315903 
       0.456    13.568494    1.9217902 
       0.457    13.549736    1.9120985 
       0.458    13.531073     1.902516 
       0.459    13.512507    1.8930415 
        0.46    13.494034     1.883673 
       0.461    13.475652    1.8744084 
       0.462    13.457362    1.8652471 
       0.463    13.439161    1.8561878 
       0.464    13.421048    1.8472294 
       0.465    13.403025    1.8383722 
       0.466    13.385089    1.8296152 
       0.467    13.367239    1.8209556 
       0.468    13.349473    1.8123931 
       0.469    13.331791    1.8039258 
        0.47    13.314191    1.7955533 
       0.471    13.296673    1.7872745 
       0.472    13.279236    1.7790888 
       0.473     13.26188    1.7709949 
       0.474    13.244603     1.762992 
       0.475    13.227403    1.7550784 
       0.476     13.21028    1.7472537 
       0.477    13.193233    1.7395164 
       0.478    13.176262    1.7318662 
       0.479    13.159364    1.7243014 
        0.48    13.142541    1.7168223 
       0.481     13.12579     1.709427 
       0.482    13.109111    1.7021147 
       0.483    13.092503    1.6948844 
       0.484    13.075965    1.6877353 
       0.485    13.059495     1.680666 
       0.486    13.043094    1.6736763 
       0.487     13.02676    1.6667648 
       0.488    13.010493    1.6599313 
       0.489    12.994292    1.6531742 
        0.49    12.978156    1.6464933 
       0.491    12.962085    1.6398871 
       0.492    12.946077    1.6333549 
       0.493    12.930131    1.6268964 
       0.494    12.914248    1.6205105 
       0.495    12.898426     1.614196 
       0.496    12.882664    1.6079521 
       0.497    12.866962    1.6017784 
       0.498    12.851318    1.5956736 
       0.499    12.835734    1.5896372 
         0.5    12.820207    1.5836693 
       0.501    12.804737    1.5777683 
       0.502    12.789324    1.5719331 
       0.503    12.773965    1.5661631 
       0.504    12.758662    1.5604573 
       0.505    12.743412    1.5548156 
       0.506    12.728217    1.5492375 
       0.507    12.713074    1.5437215 
       0.508    12.697983    1.5382666 
       0.509    12.682943    1.5328727 
        0.51    12.667956    1.5275399 
       0.511    12.653018    1.5222664 
       0.512     12.63813    1.5170512 
       0.513    12.623292    1.5118946 
       0.514    12.608502    1.5067957 
       0.515     12.59376    1.5017531 
       0.516    12.579065    1.4967663 
       0.517    12.564417    1.4918359 
       0.518    12.549816    1.4869599 
       0.519    12.535259    1.4821374 
        0.52    12.520749    1.4773693 
       0.521    12.506283    1.4726535 
       0.522     12.49186    1.4679897 
       0.523    12.477482    1.4633782 
       0.524    12.463146    1.4588174 
       0.525    12.448853    1.4543066 
       0.526    12.434602    1.4498462 
       0.527    12.420392    1.4454343 
       0.528    12.406223    1.4410715 
       0.529    12.392095    1.4367568 
        0.53    12.378007    1.4324887 
       0.531    12.363958    1.4282685 
       0.532    12.349948    1.4240935 
       0.533    12.335978    1.4199652 
       0.534    12.322045    1.4158813 
       0.535     12.30815    1.4118425 
       0.536    12.294292    1.4078472 
       0.537    12.280471    1.4038957 
       0.538    12.266686     1.399987 
       0.539    12.252937    1.3961208 
        0.54    12.239224    1.3922965 
       0.541    12.225545    1.3885134 
       0.542    12.211902    1.3847713 
       0.543    12.198292    1.3810694 
       0.544    12.184717    1.3774073 
       0.545    12.171175    1.3737847 
       0.546    12.157666    1.3702006 
       0.547     12.14419    1.3666553 
       0.548    12.130746    1.3631472 
       0.549    12.117334    1.3596772 
        0.55    12.103954    1.3562435 
       0.551    12.090605    1.3528464 
       0.552    12.077287    1.3494855 
       0.553    12.063999    1.3461594 
       0.554    12.050742    1.3428692 
       0.555    12.037514     1.339613 
       0.556    12.024317    1.3363919 
       0.557    12.011148    1.3332037 
       0.558    11.998007    1.3300482 
       0.559    11.984896    1.3269258 
        0.56    11.971813    1.3238362 
       0.561    11.958758    1.3207785 
       0.562     11.94573    1.3177522 
       0.563    11.932729    1.3147568 
       0.564    11.919755    1.3117918 
       0.565    11.906808    1.3088571 
       0.566    11.893888     1.305953 
       0.567    11.880995    1.3030785 
       0.568    11.868126    1.3002326 
       0.569    11.855284    1.2974154 
        0.57    11.842466    1.2946264 
       0.571    11.829674    1.2918651 
       0.572    11.816906    1.2891315 
       0.573    11.804164    1.2864255 
       0.574    11.791445    1.2837464 
       0.575    11.778751    1.2810934 
       0.576     11.76608    1.2784663 
       0.577    11.753433    1.2758648 
       0.578    11.740809    1.2732889 
       0.579    11.728208    1.2707379 
        0.58    11.715631    1.2682115 
       0.581    11.703076    1.2657094 
       0.582    11.690543    1.2632313 
       0.583    11.678033    1.2607768 
       0.584    11.665545    1.2583457 
       0.585    11.653078    1.2559374 
       0.586    11.640633    1.2535516 
       0.587    11.628209    1.2511881 
       0.588    11.615807    1.2488465 
       0.589    11.603426    1.2465266 
        0.59    11.591065    1.2442282 
       0.591    11.578726    1.2419509 
       0.592    11.566406    1.2396942 
       0.593    11.554107     1.237458 
       0.594    11.541829     1.235242 
       0.595     11.52957    1.2330458 
       0.596    11.517331     1.230869 
       0.597    11.505112    1.2287115 
       0.598    11.492912    1.2265729 
       0.599    11.480731    1.2244529 
         0.6    11.468569    1.2223514 
       0.601    11.456427    1.2202679 
       0.602    11.444303    1.2182023 
       0.603    11.432198    1.2161542 
       0.604    11.420112    1.2141234 
       0.605    11.408044    1.2121096 
       0.606    11.395994    1.2101127 
       0.607    11.383963    1.2081321 
       0.608    11.371949    1.2061678 
       0.609    11.359954    1.2042195 
        0.61    11.347976     1.202287 
       0.611    11.336016    1.2003702 
       0.612    11.324074    1.1984686 
       0.613    11.312149     1.196582 
       0.614    11.300241    1.1947101 
       0.615    11.288351    1.1928526 
       0.616    11.276477    1.1910094 
       0.617    11.264621    1.1891803 
       0.618    11.252781    1.1873649 
       0.619    11.240958    1.1855634 
        0.62    11.229153    1.1837754 
       0.621    11.217363    1.1820004 
       0.622     11.20559    1.1802383 
       0.623    11.193834    1.1784889 
       0.624    11.182094    1.1767519 
       0.625     11.17037    1.1750274 
       0.626    11.158663     1.173315 
       0.627    11.146971    1.1716145 
       0.628    11.135296    1.1699257 
       0.629    11.123636    1.1682483 
        0.63    11.111992    1.1665822 
       0.631    11.100365    1.1649273 
       0.632    11.088753    1.1632832 
       0.633    11.077156    1.1616498 
       0.634    11.065575     1.160027 
       0.635     11.05401    1.1584144 
       0.636     11.04246     1.156812 
       0.637    11.030926    1.1552196 
       0.638    11.019407     1.153637 
       0.639    11.007903    1.1520638 
        0.64    10.996414    1.1505002 
       0.641    10.984941    1.1489461 
       0.642    10.973483    1.1474009 
       0.643     10.96204    1.1458646 
       0.644    10.950612    1.1443371 
       0.645    10.939199    1.1428181 
       0.646    10.927802    1.1413076 
       0.647    10.916419    1.1398054 
       0.648    10.905051    1.1383111 
       0.649    10.893697     1.136825 
        0.65    10.882359    1.1353464 
       0.651    10.871036    1.1338756 
       0.652    10.859727    1.1324125 
       0.653    10.848433    1.1309566 
       0.654    10.837154     1.129508 
       0.655    10.825889    1.1280663 
       0.656    10.814639    1.1266315 
       0.657    10.803404    1.1252034 
       0.658    10.792183    1.1237821 
       0.659    10.780977    1.1223673 
        0.66    10.769786    1.1209588 
       0.661    10.758609    1.1195566 
       0.662    10.747446    1.1181604 
       0.663    10.736298    1.1167701 
       0.664    10.725165    1.1153857 
       0.665    10.714046     1.114007 
       0.666    10.702941    1.1126339 
       0.667    10.691851    1.1112664 
       0.668    10.680776    1.1099041 
       0.669    10.669715     1.108547 
        0.67    10.658668     1.107195 
       0.671    10.647636    1.1058479 
       0.672    10.636618     1.104506 
       0.673    10.625615    1.1031687 
       0.674    10.614626     1.101836 
       0.675    10.603651    1.1005078 
       0.676    10.592691    1.0991839 
       0.677    10.581745    1.0978646 
       0.678    10.570814    1.0965495 
       0.679    10.559897    1.0952384 
        0.68    10.548995    1.0939313 
       0.681    10.538106    1.0926281 
       0.682    10.527233    1.0913288 
       0.683    10.516374    1.0900332 
       0.684    10.505529    1.0887412 
       0.685    10.494698    1.0874527 
       0.686    10.483882    1.0861677 
       0.687    10.473081     1.084886 
       0.688    10.462294    1.0836076 
       0.689    10.451521    1.0823322 
        0.69    10.440763      1.08106 
       0.691    10.430019    1.0797908 
       0.692     10.41929    1.0785245 
       0.693    10.408575     1.077261 
       0.694    10.397875    1.0760002 
       0.695    10.387189    1.0747421 
       0.696    10.376518    1.0734866 
       0.697    10.365861    1.0722335 
       0.698    10.355219    1.0709829 
       0.699    10.344591    1.0697346 
         0.7    10.333978    1.0684887 
       0.701     10.32338    1.0672448 
       0.702    10.312796    1.0660031 
       0.703    10.302227    1.0647636 
       0.704    10.291672    1.0635259 
       0.705    10.281132    1.0622902 
       0.706    10.270607    1.0610563 
       0.707    10.260097    1.0598243 
       0.708    10.249601    1.0585939 
       0.709    10.239119    1.0573652 
        0.71    10.228653    1.0561382 
       0.711    10.218201    1.0549126 
       0.712    10.207764    1.0536885 
       0.713    10.197342    1.0524658 
       0.714    10.186934    1.0512445 
       0.715    10.176542    1.0500245 
       0.716    10.166164    1.0488057 
       0.717    10.155801    1.0475881 
       0.718    10.145453    1.0463717 
       0.719    10.135119    1.0451563 
        0.72    10.124801     1.043942 
       0.721    10.114497    1.0427286 
       0.722    10.104209    1.0415162 
       0.723    10.093935    1.0403047 
       0.724    10.083676    1.0390939 
       0.725    10.073433    1.0378841 
       0.726    10.063204    1.0366749 
       0.727     10.05299    1.0354664 
       0.728    10.042791    1.0342586 
       0.729    10.032608    1.0330514 
        0.73    10.022439    1.0318447 
       0.731    10.012285    1.0306387 
       0.732    10.002147     1.029433 
       0.733     9.992023    1.0282279 
       0.734    9.9819146    1.0270232 
       0.735    9.9718213    1.0258187 
       0.736    9.9617431    1.0246148 
       0.737      9.95168     1.023411 
       0.738    9.9416321    1.0222076 
       0.739    9.9315994    1.0210044 
        0.74    9.9215818    1.0198013 
       0.741    9.9115795    1.0185985 
       0.742    9.9015923    1.0173958 
       0.743    9.8916203    1.0161932 
       0.744    9.8816636    1.0149907 
       0.745     9.871722    1.0137882 
       0.746    9.8617958    1.0125858 
       0.747    9.8518847    1.0113833 
       0.748     9.841989    1.0101808 
       0.749    9.8321084    1.0089783 
        0.75    9.8222432    1.0077757 
       0.751    9.8123932     1.006573 
       0.752    9.8025585    1.0053701 
       0.753    9.7927392    1.0041672 
       0.754     9.782935     1.002964 
       0.755    9.7731463    1.0017606 
       0.756    9.7633727     1.000557 
       0.757    9.7536146   0.99935325 
       0.758    9.7438717    0.9981492 
       0.759    9.7341441   0.99694488 
        0.76    9.7244319   0.99574027 
       0.761    9.7147349   0.99453533 
       0.762    9.7050533   0.99333013 
       0.763    9.6953869   0.99212452 
       0.764     9.685736   0.99091864 
       0.765    9.6761002   0.98971234 
       0.766    9.6664799   0.98850568 
       0.767    9.6568747   0.98729862 
       0.768     9.647285   0.98609117 
       0.769    9.6377104   0.98488326 
        0.77    9.6281512     0.983675 
       0.771    9.6186073   0.98246624 
       0.772    9.6090786   0.98125709 
       0.773    9.5995652   0.98004744 
       0.774     9.590067   0.97883736 
       0.775    9.5805841   0.97762678 
       0.776    9.5711164   0.97641575 
       0.777    9.5616639    0.9752042 
       0.778    9.5522267   0.97399219 
       0.779    9.5428046   0.97277964 
        0.78    9.5333977   0.97156662 
       0.781     9.524006   0.97035305 
       0.782    9.5146294   0.96913901 
       0.783    9.5052679   0.96792441 
       0.784    9.4959216   0.96670931 
       0.785    9.4865904   0.96549366 
       0.786    9.4772742   0.96427748 
       0.787    9.4679731   0.96306077 
       0.788     9.458687   0.96184349 
       0.789     9.449416    0.9606257 
        0.79      9.44016   0.95940734 
       0.791     9.430919   0.95818852 
       0.792    9.4216929   0.95696909 
       0.793    9.4124816   0.95574902 
       0.794    9.4032854   0.95452845 
       0.795     9.394104    0.9533074 
       0.796    9.3849374    0.9520857 
       0.797    9.3757857   0.95086339 
       0.798    9.3666488   0.94964068 
       0.799    9.3575267   0.94841736 
         0.8    9.3484192    0.9471934 
       0.801    9.3393265   0.94596896 
       0.802    9.3302486     0.944744 
       0.803    9.3211852   0.94351841 
       0.804    9.3121364   0.94229227 
       0.805    9.3031023   0.94106568 
       0.806    9.2940827   0.93983847 
       0.807    9.2850777   0.93861068 
       0.808    9.2760871   0.93738245 
       0.809     9.267111   0.93615364 
        0.81    9.2581493   0.93492423 
       0.811     9.249202   0.93369438 
       0.812    9.2402691     0.932464 
       0.813    9.2313504   0.93123302 
       0.814    9.2224461   0.93000159 
       0.815     9.213556   0.92876966 
       0.816      9.20468   0.92753715 
       0.817    9.1958183   0.92630417 
       0.818    9.1869707   0.92507074 
       0.819    9.1781371   0.92383675 
        0.82    9.1693175   0.92260228 
       0.821    9.1605121   0.92136739 
       0.822    9.1517205   0.92013196 
       0.823    9.1429428   0.91889606 
       0.824     9.134179   0.91765976 
       0.825     9.125429   0.91642294 
       0.826    9.1166928   0.91518567 
       0.827    9.1079704   0.91394802 
       0.828    9.0992616   0.91270987 
       0.829    9.0905665   0.91147131 
        0.83     9.081885   0.91023237 
       0.831     9.073217   0.90899296 
       0.832    9.0645625   0.90775316 
       0.833    9.0559215     0.906513 
       0.834    9.0472939   0.90527239 
       0.835    9.0386796   0.90403144 
       0.836    9.0300787   0.90279013 
       0.837     9.021491   0.90154839 
       0.838    9.0129165   0.90030638 
       0.839    9.0043552   0.89906399 
        0.84     8.995807   0.89782123 
       0.841    8.9872718    0.8965782 
       0.842    8.9787497   0.89533482 
       0.843    8.9702404   0.89409112 
       0.844    8.9617441   0.89284716 
       0.845    8.9532607   0.89160287 
       0.846      8.94479   0.89035832 
       0.847    8.9363321   0.88911352 
       0.848    8.9278868   0.88786841 
       0.849    8.9194542   0.88662311 
        0.85    8.9110342   0.88537754 
       0.851    8.9026266   0.88413173 
       0.852    8.8942316   0.88288574 
       0.853    8.8858489   0.88163951 
       0.854    8.8774786    0.8803931 
       0.855    8.8691206   0.87914652 
       0.856    8.8607748   0.87789971 
       0.857    8.8524412   0.87665281 
       0.858    8.8441197   0.87540572 
       0.859    8.8358103   0.87415848 
        0.86    8.8275129   0.87291115 
       0.861    8.8192274   0.87166365 
       0.862    8.8109539   0.87041609 
       0.863    8.8026921   0.86916842 
       0.864    8.7944422   0.86792065 
       0.865    8.7862039   0.86667285 
       0.866    8.7779773   0.86542495 
       0.867    8.7697623   0.86417704 
       0.868    8.7615588   0.86292907 
       0.869    8.7533668   0.86168107 
        0.87    8.7451863    0.8604331 
       0.871     8.737017   0.85918509 
       0.872    8.7288591   0.85793712 
       0.873    8.7207124   0.85668917 
       0.874    8.7125768   0.85544125 
       0.875    8.7044524    0.8541934 
       0.876     8.696339   0.85294559 
       0.877    8.6882366   0.85169788 
       0.878    8.6801451   0.85045024 
       0.879    8.6720645   0.84920272 
        0.88    8.6639947   0.84795531 
       0.881    8.6559356   0.84670801 
       0.882    8.6478872   0.84546088 
       0.883    8.6398495   0.84421388 
       0.884    8.6318222   0.84296707 
       0.885    8.6238055   0.84172041 
       0.886    8.6157992   0.84047396 
       0.887    8.6078032   0.83922772 
       0.888    8.5998176   0.83798169 
       0.889    8.5918422    0.8367359 
        0.89     8.583877   0.83549033 
       0.891    8.5759219   0.83424506 
       0.892    8.5679768   0.83300003 
       0.893    8.5600418    0.8317553 
       0.894    8.5521167   0.83051086 
       0.895    8.5442014   0.82926674 
       0.896    8.5362959   0.82802294 
       0.897    8.5284002   0.82677947 
       0.898    8.5205142   0.82553637 
       0.899    8.5126378   0.82429361 
         0.9    8.5047709   0.82305126 
       0.901    8.4969135   0.82180927 
       0.902    8.4890656   0.82056771 
       0.903    8.4812271   0.81932655 
       0.904    8.4733978   0.81808584 
       0.905    8.4655778   0.81684556 
       0.906     8.457767   0.81560575 
       0.907    8.4499653   0.81436641 
       0.908    8.4421726   0.81312755 
       0.909     8.434389    0.8118892 
        0.91    8.4266143   0.81065135 
       0.911    8.4188484   0.80941404 
       0.912    8.4110914   0.80817726 
       0.913    8.4033432   0.80694105 
       0.914    8.3956036   0.80570539 
       0.915    8.3878727   0.80447032 
       0.916    8.3801503   0.80323584 
       0.917    8.3724365   0.80200198 
       0.918    8.3647311   0.80076872 
       0.919    8.3570341   0.79953612 
        0.92    8.3493454   0.79830414 
       0.921    8.3416651   0.79707285 
       0.922    8.3339929   0.79584222 
       0.923    8.3263289   0.79461229 
       0.924     8.318673   0.79338305 
       0.925    8.3110252   0.79215453 
       0.926    8.3033853   0.79092674 
       0.927    8.2957533    0.7896997 
       0.928    8.2881293    0.7884734 
       0.929     8.280513   0.78724789 
        0.93    8.2729045   0.78602315 
       0.931    8.2653037   0.78479921 
       0.932    8.2577105   0.78357608 
       0.933    8.2501249   0.78235378 
       0.934    8.2425468    0.7811323 
       0.935    8.2349763   0.77991169 
       0.936    8.2274131   0.77869192 
       0.937    8.2198573   0.77747305 
       0.938    8.2123088   0.77625505 
       0.939    8.2047676   0.77503797 
        0.94    8.1972335   0.77382179 
       0.941    8.1897067   0.77260655 
       0.942    8.1821869   0.77139225 
       0.943    8.1746741   0.77017891 
       0.944    8.1671684   0.76896653 
       0.945    8.1596696   0.76775514 
       0.946    8.1521776   0.76654473 
       0.947    8.1446925   0.76533534 
       0.948    8.1372142   0.76412696 
       0.949    8.1297427   0.76291963 
        0.95    8.1222778   0.76171333 
       0.951    8.1148196    0.7605081 
       0.952    8.1073679   0.75930394 
       0.953    8.0999228   0.75810085 
       0.954    8.0924842   0.75689888 
       0.955     8.085052     0.755698 
       0.956    8.0776262   0.75449826 
       0.957    8.0702068   0.75329964 
       0.958    8.0627936   0.75210218 
       0.959    8.0553867   0.75090587 
        0.96    8.0479861   0.74971074 
       0.961    8.0405916    0.7485168 
       0.962    8.0332032   0.74732405 
       0.963    8.0258209   0.74613251 
       0.964    8.0184446   0.74494219 
       0.965    8.0110743   0.74375312 
       0.966      8.00371   0.74256528 
       0.967    7.9963516   0.74137871 
       0.968     7.988999   0.74019341 
       0.969    7.9816523   0.73900939 
        0.97    7.9743114   0.73782667 
       0.971    7.9669762   0.73664526 
       0.972    7.9596467   0.73546517 
       0.973    7.9523228    0.7342864 
       0.974    7.9450046   0.73310898 
       0.975     7.937692   0.73193292 
       0.976     7.930385   0.73075823 
       0.977    7.9230834   0.72958491 
       0.978    7.9157873   0.72841298 
       0.979    7.9084967   0.72724246 
        0.98    7.9012115   0.72607335 
       0.981    7.8939317   0.72490567 
       0.982    7.8866572   0.72373943 
       0.983     7.879388   0.72257463 
       0.984     7.872124    0.7214113 
       0.985    7.8648654   0.72024943 
       0.986    7.8576119   0.71908905 
       0.987    7.8503636   0.71793016 
       0.988    7.8431205   0.71677278 
       0.989    7.8358825   0.71561691 
        0.99    7.8285771   0.71430556 
       0.991    7.8213508   0.71315601 
       0.992    7.8141295   0.71200793 
       0.993    7.8069132   0.71086136 
       0.994    7.7997018   0.70971629 
       0.995    7.7924953   0.70857275 
       0.996    7.7852938   0.70743074 
       0.997    7.7780971   0.70629027 
       0.998    7.7709052   0.70515136 
       0.999    7.7637182   0.70401402 
           1     7.756536   0.70287826 