0 0 0 
1 0 0
5001 9 50.37950227
5002 9 50.37950227
5250 9 47.08881199
5500 10 38.02452691
5750 12 28.06445562
6000 16 19.26396375
6250 16 20.9643262
6500 16 17.68432897
6750 10 14.74244355
7000 18 12.79084221
7250 13 10.5941876
7500 12 9.454942239
7750 11 8.736112395
8000 13 5.761026431
8250 9 3.958260489
8500 19 4.198129315
8750 17 3.187505156
9000 17 3.115824981
9250 11 2.051484806
9500 12 1.736980997
9750 11 0.993459617
10000 8 1.461517474
10250 9 0.673024741
10500 12 1.093769191
10750 13 1.68068223
11000 15 2.167938944
11250 9 0.844760571
11500 11 1.394674366
11750 10 0.983066336
12000 12 1.773933646
12250 5 1.19798747
12500 9 1.34745368
12750 5 0.292295496
13000 7 0.804583848
13250 7 0.550733107
13500 9 1.939098655
13750 7 1.051208981
14000 9 1.437195932
14250 8 0.642668617
14500 10 1.801406667
14750 14 2.154570065
15000 16 3.108416768
15250 17 3.034766287
15500 8 1.01299872
15750 9 1.64766629
16000 14 2.283337623
16250 10 1.395936981
16500 8 1.366327258
16750 13 1.975823684
17000 8 0.997155821
17250 17 2.510750112
17500 13 1.83100775
17750 7 0.682970449
18000 9 0.810655443
18250 8 0.702006109
18500 11 1.661642758
18750 11 2.175660125
19000 15 1.989132595
19250 15 1.334641682
19500 10 1.198776105
19750 7 1.672702233
20000 5 0.506265681
20250 4 0.940318854
20500 6 0.346049069
20750 9 0.857493667
21000 10 0.862871767
21250 13 1.989898634
21500 10 1.452918927
21750 12 1.621823345
22000 12 1.93465134
22250 12 2.125309535
22500 17 2.575970244
22750 9 1.524554697
23000 9 0.73128286
23250 7 1.183916649
23500 8 0.603667267
23750 5 0.272194597
24000 6 0.241599052
24250 9 0.956093002
24500 12 2.262170774
24750 7 1.385131836
25000 16 2.61442135
25250 8 0.916817375
25500 8 1.538419074
25750 11 0.771838916
26000 6 0.985267587
26250 9 1.153575465
26500 6 0.730774323
26750 11 1.974509556
27000 12 1.918365187
27250 7 1.036635251
27500 12 2.12631389
27750 6 0.491345395
28000 5 0.357253301
28250 10 1.230960303
28500 9 1.897962108
28750 10 1.086460411
29000 10 2.115384238
29250 12 2.271846291
29500 6 0.792783703
29750 7 1.471554511
30000 10 1.893843445
30250 10 1.086064965
30500 12 2.317590954
30750 11 1.781880242
31000 11 1.331102461
31250 9 1.502219623
31500 13 1.316939715
31750 8 1.081955532
32000 6 0.814913921
32250 13 1.549321112
32500 7 0.724114455
32750 9 1.250157987
33000 13 2.076928452
33250 10 1.84562018
33500 6 0.550569104
33750 8 0.490781017
34000 10 2.102974321
61505 0 0
61506 0 0
